"FIPS_Code","State","Area_name","Rural_urban_continuum_code_2003","Urban_influence_code_2003","Rural_urban_continuum_code_2013","Urban_influence_code_2013","Civilian_labor_force_2006","Employed_2006","Unemployed_2006","Civilian_labor_force_2007","Employed_2007","Unemployed_2007","Civilian_labor_force_2008","Employed_2008","Unemployed_2008","Civilian_labor_force_2009","Employed_2009","Unemployed_2009","Civilian_labor_force_2010","Employed_2010","Unemployed_2010","Civilian_labor_force_2011","Employed_2011","Unemployed_2011","Civilian_labor_force_2012","Employed_2012","Unemployed_2012","Civilian_labor_force_2013","Employed_2013","Unemployed_2013","Unemployment_rate_2013","Civilian_labor_force_2014","Employed_2014","Unemployed_2014","Median_Household_Income_2013"
"1000","AL","Alabama",,,,,"2167809","2080233","87576","2175612","2089127","86485","2176489","2053477","123012","2162999","1924747","238252","2196042","1964559","231483","2201473","1988753","212720","2175942","2002638","173304","2168594","2011596","156998","7.2","2150118","2003910","146208","42882"
"1001","AL","Autauga County, AL","2","2","2","2","24398","23585","813","24383","23577","806","24687","23420","1267","24703","22301","2402","25713","23431","2282","25812","23657","2155","25743","23953","1790","25759","24138","1621","6.3","25429","23933","1496","51868"
"1003","AL","Baldwin County, AL","4","5","3","2","79711","77147","2564","82659","80099","2560","83223","79372","3851","82451","74403","8048","83459","75120","8339","84961","77353","7608","84407","78040","6367","85093","79414","5679","6.7","85815","80620","5195","47539"
"1005","AL","Barbour County, AL","6","6","6","6","10705","10096","609","10334","9684","650","10161","9267","894","10003","8572","1431","10221","8959","1262","9851","8704","1147","9370","8280","1090","9087","8146","941","10.4","8798","7847","951","30981"
"1007","AL","Bibb County, AL","1","1","1","1","8850","8477","373","8791","8432","359","8749","8241","508","8742","7581","1161","8934","7914","1020","8928","7989","939","8791","8044","747","8675","7995","680","7.8","8560","7949","611","39781"
"1009","AL","Blount County, AL","1","1","1","1","26770","25902","868","26629","25780","849","26698","25453","1245","26480","23832","2648","24906","22460","2446","25104","22920","2184","24961","23236","1725","24839","23263","1576","6.3","24614","23101","1513","44392"
"1011","AL","Bullock County, AL","6","6","6","6","3702","3372","330","3653","3308","345","3634","3251","383","3739","3156","583","4941","4356","585","4837","4268","569","4745","4243","502","4780","4319","461","9.6","4679","4254","425","25937"
"1013","AL","Butler County, AL","6","6","6","6","9238","8709","529","9099","8539","560","9051","8278","773","9104","7615","1489","9261","7998","1263","9188","8036","1152","9091","8036","1055","9134","8183","951","10.4","9253","8460","793","31041"
"1015","AL","Calhoun County, AL","3","2","3","2","54063","51872","2191","54861","52709","2152","54564","51468","3096","53925","47929","5996","51559","45699","5860","51230","45925","5305","49590","45237","4353","48189","44043","4146","8.6","46924","43208","3716","37898"
"1017","AL","Chambers County, AL","6","5","6","5","15749","14828","921","15474","14469","1005","15012","12848","2164","14650","11777","2873","14754","12554","2200","15200","13368","1832","15143","13642","1501","15235","14020","1215","8","15190","14165","1025","33883"
"1019","AL","Cherokee County, AL","8","6","6","6","11854","11352","502","11984","11484","500","11996","11308","688","11758","10384","1374","11464","10245","1219","11465","10355","1110","11257","10360","897","11371","10621","750","6.6","11299","10638","661","37478"
"1021","AL","Chilton County, AL","1","1","1","1","19771","19059","712","19737","19067","670","19610","18618","992","19445","17375","2070","19462","17464","1998","19521","17738","1783","19373","17976","1397","19318","18041","1277","6.6","19121","17920","1201","41348"
"1023","AL","Choctaw County, AL","9","10","9","10","5329","5030","299","5183","4875","308","5069","4646","423","5134","4442","692","4860","4216","644","4765","4135","630","4792","4296","496","4691","4258","433","9.2","4479","4073","406","33581"
"1025","AL","Clarke County, AL","7","11","7","11","10261","9622","639","10358","9730","628","10351","9419","932","10381","8664","1717","9108","7300","1808","8853","7175","1678","8388","7113","1275","8283","7126","1157","14","8101","7091","1010","34593"
"1027","AL","Clay County, AL","9","10","9","10","6182","5902","280","6113","5775","338","5733","5279","454","5643","4703","940","5851","5005","846","5600","4931","669","5417","4904","513","5384","4930","454","8.4","5446","5053","393","33344"
"1029","AL","Cleburne County, AL","8","4","8","4","6639","6406","233","6483","6246","237","6557","6225","332","6514","5851","663","6033","5429","604","5935","5361","574","5834","5356","478","5815","5369","446","7.7","5764","5377","387","40407"
"1031","AL","Coffee County, AL","6","5","4","5","20691","19917","774","21077","20275","802","20911","19897","1014","21436","19612","1824","21088","19271","1817","20738","19043","1695","20610","19152","1458","20478","19053","1425","7","20213","18862","1351","44666"
"1033","AL","Colbert County, AL","3","2","3","2","25307","24128","1179","25386","24216","1170","25160","23523","1637","25414","22461","2953","24228","21453","2775","24374","21887","2487","23998","21915","2083","23798","21878","1920","8.1","24016","22045","1971","40032"
"1035","AL","Conecuh County, AL","9","11","7","11","5123","4833","290","4965","4646","319","4878","4421","457","4908","3930","978","4991","4131","860","4788","4053","735","4641","4081","560","4691","4180","511","10.9","4629","4132","497","27196"
"1037","AL","Coosa County, AL","8","7","8","3","4794","4525","269","4686","4415","271","4659","4274","385","4593","3856","737","4654","3937","717","4477","3915","562","4443","4028","415","4433","4033","400","9","4400","4011","389","35175"
"1039","AL","Covington County, AL","7","9","6","6","17195","16529","666","17070","16409","661","16800","15803","997","16719","14912","1807","16417","14721","1696","16352","14752","1600","16336","14973","1363","16019","14728","1291","8.1","15771","14547","1224","35187"
"1041","AL","Crenshaw County, AL","8","6","8","6","6595","6332","263","6546","6264","282","6464","6105","359","6439","5768","671","6285","5646","639","6426","5794","632","6245","5731","514","6287","5813","474","7.5","6244","5810","434","34105"
"1043","AL","Cullman County, AL","6","3","4","3","39375","38026","1349","39367","38047","1320","39096","37188","1908","38537","34585","3952","35959","32202","3757","35619","32252","3367","35539","32825","2714","35684","33313","2371","6.6","35477","33314","2163","40142"
"1045","AL","Dale County, AL","4","5","4","5","20480","19522","958","20250","19450","800","19832","18760","1072","20033","18100","1933","22072","20124","1948","22015","20171","1844","21381","19775","1606","20720","19168","1552","7.5","20397","18938","1459","41805"
"1047","AL","Dallas County, AL","4","5","4","5","15903","14594","1309","15555","14259","1296","15473","13758","1715","15868","12516","3352","17808","14806","3002","17528","14854","2674","16769","14578","2191","16284","14262","2022","12.4","15747","13926","1821","27524"
"1049","AL","DeKalb County, AL","6","6","6","6","31493","30176","1317","31013","29689","1324","30682","28895","1787","29912","25647","4265","30942","27026","3916","29817","26257","3560","28834","26215","2619","28955","26752","2203","7.6","28655","26666","1989","36713"
"1051","AL","Elmore County, AL","2","2","2","2","35169","33968","1201","35805","34620","1185","36220","34371","1849","36392","32944","3448","36683","33362","3321","36580","33493","3087","36631","34075","2556","36856","34561","2295","6.2","36381","34281","2100","51650"
"1053","AL","Escambia County, AL","6","6","6","6","14348","13634","714","14288","13530","758","14412","13321","1091","14762","12770","1992","15007","13238","1769","14980","13343","1637","14738","13370","1368","14258","13029","1229","8.6","14194","13027","1167","33455"
"1055","AL","Etowah County, AL","3","2","3","2","46521","44546","1975","45459","43431","2028","45727","42995","2732","44993","39838","5155","44000","39193","4807","44685","40205","4480","44192","40576","3616","43728","40429","3299","7.5","43578","40515","3063","38587"
"1057","AL","Fayette County, AL","6","6","6","6","7743","7414","329","7387","7039","348","7118","6604","514","6971","5993","978","6831","5942","889","6633","5892","741","6503","5941","562","6387","5859","528","8.3","6281","5785","496","35661"
"1059","AL","Franklin County, AL","6","6","6","6","13939","13291","648","13742","13108","634","13380","12387","993","13240","11463","1777","14255","12724","1531","14357","12975","1382","13982","12802","1180","13651","12545","1106","8.1","13641","12578","1063","33332"
"1061","AL","Geneva County, AL","3","2","3","2","11699","11257","442","11535","11137","398","11337","10717","620","11173","9970","1203","11559","10362","1197","11472","10421","1051","11270","10417","853","11020","10249","771","7","10783","10056","727","35378"
"1063","AL","Greene County, AL","3","2","8","6","3392","3201","191","3284","3075","209","3280","3001","279","3131","2653","478","3306","2735","571","3229","2666","563","3129","2700","429","2996","2607","389","13","3000","2621","379","25864"
"1065","AL","Hale County, AL","3","2","3","2","7170","6792","378","6976","6602","374","6991","6473","518","6869","5890","979","6445","5473","972","6298","5421","877","6218","5497","721","6198","5472","726","11.7","6142","5540","602","33597"
"1067","AL","Henry County, AL","3","2","3","2","7506","7204","302","7540","7135","405","7376","6807","569","7132","6334","798","7259","6469","790","7262","6558","704","7022","6444","578","6935","6403","532","7.7","6799","6293","506","41590"
"1069","AL","Houston County, AL","3","2","3","2","46701","45099","1602","47179","45607","1572","46452","44180","2272","45903","41638","4265","46414","42170","4244","46761","42711","4050","46070","42564","3506","45624","42438","3186","7","44834","41781","3053","39636"
"1071","AL","Jackson County, AL","6","5","6","5","27066","25852","1214","27020","25799","1221","26857","25201","1656","26370","23005","3365","24348","21468","2880","24147","21664","2483","23697","21688","2009","23588","21762","1826","7.7","23306","21626","1680","37204"
"1073","AL","Jefferson County, AL","1","1","1","1","316750","304027","12723","314739","302603","12136","311615","294792","16823","307018","274011","33007","318520","285627","32893","319339","289675","29664","316338","292925","23413","314709","293633","21076","6.7","311833","292161","19672","45024"
"1075","AL","Lamar County, AL","9","10","8","7","6043","5727","316","5854","5488","366","5692","5237","455","5546","4658","888","5802","5035","767","5827","5256","571","5808","5368","440","5790","5379","411","7.1","5547","5151","396","36475"
"1077","AL","Lauderdale County, AL","3","2","3","2","42593","40795","1798","43257","41389","1868","42873","40408","2465","43432","38804","4628","43596","39193","4403","44001","39992","4009","43400","40071","3329","43048","39975","3073","7.1","43367","40253","3114","43586"
"1079","AL","Lawrence County, AL","3","2","3","2","15644","14889","755","15807","15160","647","15867","14837","1030","15788","13635","2153","14901","13024","1877","14787","13166","1621","14390","13090","1300","14234","13058","1176","8.3","13988","12835","1153","40713"
"1081","AL","Lee County, AL","3","2","3","2","64828","62616","2212","65326","62949","2377","65189","61795","3394","64893","58787","6106","66764","60758","6006","68294","62760","5534","68951","64226","4725","70396","66201","4195","6","70960","66991","3969","44647"
"1083","AL","Limestone County, AL","2","2","2","2","35764","34458","1306","36340","35123","1217","37427","35664","1763","38288","34543","3745","38321","34625","3696","38954","35601","3353","38988","36299","2689","39358","36869","2489","6.3","39016","36635","2381","50148"
"1085","AL","Lowndes County, AL","2","2","2","2","4814","4448","366","4758","4400","358","4851","4322","529","4921","3970","951","4350","3547","803","4243","3486","757","4088","3451","637","4008","3434","574","14.3","3906","3402","504","29734"
"1087","AL","Macon County, AL","6","5","6","6","8836","8368","468","8865","8385","480","9104","8426","678","9345","8203","1142","8937","7618","1319","8516","7311","1205","8292","7395","897","8397","7583","814","9.7","8211","7461","750","29228"
"1089","AL","Madison County, AL","2","2","2","2","161332","156018","5314","165286","160218","5068","168340","161326","7014","168887","155310","13577","169833","155656","14177","171630","157381","14249","170270","158348","11922","171050","160117","10933","6.4","169656","159203","10453","58258"
"1091","AL","Marengo County, AL","7","11","7","11","8592","8193","399","8150","7718","432","7979","7389","590","8101","6950","1151","8136","7021","1115","7874","6878","996","7653","6871","782","7612","6936","676","8.9","7597","6986","611","33749"
"1093","AL","Marion County, AL","8","4","7","11","13504","12913","591","12974","12297","677","12715","11701","1014","12361","10311","2050","13215","11423","1792","12559","11140","1419","12456","11336","1120","12463","11468","995","8","12160","11181","979","34162"
"1095","AL","Marshall County, AL","4","5","4","5","41986","40527","1459","41311","39890","1421","41700","39720","1980","40743","36604","4139","41637","37640","3997","41043","37185","3858","40668","37511","3157","40506","37739","2767","6.8","39588","36936","2652","38399"
"1097","AL","Mobile County, AL","2","2","2","2","182019","174428","7591","184490","177096","7394","187266","176623","10643","186825","165725","21100","192730","170943","21787","193773","172827","20946","188502","171256","17246","186300","170627","15673","8.4","184133","169947","14186","42278"
"1099","AL","Monroe County, AL","7","11","7","11","9323","8759","564","8945","8369","576","8789","7896","893","8666","6978","1688","8712","7131","1581","8331","7011","1320","7982","6969","1013","7761","6825","936","12.1","7530","6679","851","32696"
"1101","AL","Montgomery County, AL","2","2","2","2","105711","101297","4414","106156","101798","4358","106155","99875","6280","105106","94078","11028","108753","97892","10861","109029","98409","10620","107264","98634","8630","106040","98339","7701","7.3","104838","97592","7246","44013"
"1103","AL","Morgan County, AL","3","2","3","2","55887","53635","2252","56642","54654","1988","56997","54014","2983","56388","50294","6094","57817","51600","6217","58262","52766","5496","57377","52913","4464","56849","52947","3902","6.9","55799","52105","3694","44079"
"1105","AL","Perry County, AL","8","6","8","4","3586","3284","302","3543","3244","299","3592","3186","406","3770","3021","749","3891","3236","655","3870","3225","645","3689","3191","498","3564","3075","489","13.7","3454","3024","430","25461"
"1107","AL","Pickens County, AL","8","6","3","2","8113","7703","410","8015","7613","402","7925","7359","566","8042","6942","1100","7699","6687","1012","7571","6657","914","7466","6707","759","7395","6709","686","9.3","7429","6818","611","32314"
"1109","AL","Pike County, AL","6","5","6","5","15166","14557","609","15575","14947","628","15805","15034","771","15803","14300","1503","15677","14198","1479","15431","14058","1373","15017","13814","1203","14891","13747","1144","7.7","14839","13757","1082","35944"
"1111","AL","Randolph County, AL","6","4","6","4","9758","9237","521","9487","9005","482","9609","8905","704","9415","8014","1401","9706","8410","1296","9449","8367","1082","9146","8301","845","9190","8475","715","7.8","9166","8537","629","35121"
"1113","AL","Russell County, AL","2","2","2","2","21467","20204","1263","21734","20414","1320","21693","19959","1734","21566","18903","2663","23814","21225","2589","24599","22059","2540","24915","22718","2197","24980","23146","1834","7.3","24634","23001","1633","35762"
"1115","AL","St. Clair County, AL","1","1","1","1","35053","33819","1234","36040","34813","1227","36482","34651","1831","36770","32765","4005","38280","34397","3883","38468","35106","3362","38510","35859","2651","38756","36356","2400","6.2","38380","36153","2227","52437"
"1117","AL","Shelby County, AL","1","1","1","1","98394","95698","2696","99647","97043","2604","101156","97375","3781","99773","92015","7758","102372","95110","7262","104181","97646","6535","105485","100125","5360","106798","101779","5019","4.7","106051","101254","4797","68718"
"1119","AL","Sumter County, AL","8","6","8","6","4791","4465","326","4778","4466","312","4721","4308","413","4761","4051","710","5777","5006","771","5563","4825","738","5423","4847","576","5458","4956","502","9.2","5321","4850","471","24504"
"1121","AL","Talladega County, AL","4","5","4","3","39456","37413","2043","38922","36898","2024","38278","35519","2759","37787","32348","5439","35129","30389","4740","35289","31166","4123","34993","31720","3273","35616","32612","3004","8.4","34916","32234","2682","38505"
"1123","AL","Tallapoosa County, AL","6","6","6","6","18536","17595","941","18311","17340","971","18179","16875","1304","18149","15687","2462","19079","16579","2500","18361","16252","2109","18438","16844","1594","18349","16863","1486","8.1","18136","16748","1388","37747"
"1125","AL","Tuscaloosa County, AL","3","2","3","2","87495","84619","2876","89008","86080","2928","89185","84978","4207","89100","80043","9057","93915","85273","8642","95444","87459","7985","95372","88654","6718","95515","89361","6154","6.4","96911","91140","5771","45959"
"1127","AL","Walker County, AL","1","1","1","1","29877","28516","1361","29056","27800","1256","28758","27113","1645","28190","24910","3280","27279","23815","3464","27085","24014","3071","26524","24128","2396","26214","24072","2142","8.2","25912","23924","1988","37193"
"1129","AL","Washington County, AL","8","7","8","7","6901","6501","400","7002","6586","416","6883","6302","581","6935","5889","1046","7385","6335","1050","7111","6065","1046","6883","6052","831","6708","5969","739","11","6556","5908","648","41115"
"1131","AL","Wilcox County, AL","8","7","9","10","3571","3260","311","3438","3106","332","3482","2996","486","3648","2698","950","3066","2261","805","2983","2287","696","2889","2307","582","2782","2238","544","19.6","2849","2354","495","23184"
"1133","AL","Winston County, AL","6","4","6","4","10591","10067","524","10287","9712","575","9984","9120","864","9519","7832","1687","9883","8304","1579","9824","8485","1339","9616","8644","972","9629","8714","915","9.5","9485","8653","832","33578"
"2000","AK","Alaska",,,,,"349691","326542","23149","350785","328579","22206","356109","332285","23824","359647","331792","27855","361913","333416","28497","366003","338268","27735","365681","339645","26036","365537","340332","25205","6.9","367166","342210","24956","70058"
"2013","AK","Aleutians East Borough, AK","9","12","9","12","1141","1044","97","1094","1007","87","1144","1045","99","1133","1021","112","2031","1917","114","2185","2049","136","2144","1994","150","2217","2075","142","6.4","2246","2143","103","56856"
"2016","AK","Aleutians West Census Area, AK","7","11","9","11","3214","3031","183","3085","2917","168","3061","2883","178","3005","2794","211","3955","3755","200","4257","4008","249","4273","3975","298","4260","3963","297","7","4419","4201","218","74088"
"2020","AK","Anchorage Borough/municipality, AK","2","2","2","2","151530","143482","8048","151051","143336","7715","152111","143835","8276","153834","143806","10028","157923","147539","10384","159121","149589","9532","158486","149973","8513","158623","150448","8175","5.2","159955","151731","8224","76362"
"2050","AK","Bethel Census Area, AK","7","11","7","11","6980","6057","923","6951","6062","889","6935","5972","963","7031","6039","992","7161","6114","1047","7220","6139","1081","7215","6106","1109","7394","6203","1191","16.1","7325","6154","1171","42876"
"2060","AK","Bristol Bay Borough, AK","9","12","9","12","1021","966","55","1064","1014","50","1009","960","49","1045","995","50","505","456","49","518","472","46","480","434","46","486","444","42","8.6","499","459","40","65283"
"2068","AK","Denali Borough, AK","8","7","8","7","1648","1552","96","1602","1502","100","1606","1508","98","1412","1295","117","1011","891","120","1018","880","138","1046","903","143","1077","944","133","12.3","1070","962","108","68103"
"2070","AK","Dillingham Census Area, AK","9","12","9","12","2103","1902","201","2045","1858","187","2068","1875","193","2152","1933","219","2089","1878","211","2106","1884","222","2133","1922","211","2122","1908","214","10.1","2144","1931","213","47930"
"2090","AK","Fairbanks North Star Borough, AK","3","2","3","2","45211","42634","2577","45385","42858","2527","45993","43198","2795","46015","42756","3259","48285","45083","3202","48376","45252","3124","48238","45287","2951","47351","44596","2755","5.8","47119","44411","2708","67204"
"2100","AK","Haines Borough, AK","9","10","9","12","1453","1336","117","1446","1339","107","1358","1238","120","1416","1288","128","1150","1028","122","1167","1050","117","1109","998","111","1141","1028","113","9.9","1109","993","116","55295"
"2105","AK","Hoonah-Angoon Census Area, AK",,,"9","10","","","","","","","","","","","","","1064","915","149","1099","933","166","1111","951","160","1125","961","164","14.6","1141","969","172","42276"
"2110","AK","Juneau Borough/city, AK","5","8","5","8","18544","17645","899","18459","17626","833","18784","17882","902","18393","17309","1084","17903","16848","1055","17910","16918","992","17912","16999","913","17613","16732","881","5","17457","16574","883","83642"
"2122","AK","Kenai Peninsula Borough, AK","7","11","7","11","25460","23373","2087","25700","23674","2026","26330","24176","2154","26909","24267","2642","27001","24310","2691","27274","24683","2591","27380","25016","2364","27851","25640","2211","7.9","27969","25789","2180","61629"
"2130","AK","Ketchikan Gateway Borough, AK","7","8","7","8","8100","7603","497","8222","7757","465","8297","7805","492","8331","7738","593","7123","6501","622","7172","6562","610","7166","6597","569","7153","6618","535","7.5","7108","6568","540","62619"
"2150","AK","Kodiak Island Borough, AK","7","8","7","11","6148","5688","460","6141","5756","385","6399","5961","438","6603","6131","472","6470","5993","477","6782","6283","499","6719","6271","448","6603","6195","408","6.2","6617","6243","374","64782"
"2164","AK","Lake and Peninsula Borough, AK","9","12","9","12","1081","1015","66","1166","1102","64","1137","1059","78","1088","1000","88","604","517","87","635","542","93","630","540","90","626","536","90","14.4","637","539","98","43936"
"2170","AK","Matanuska-Susitna Borough, AK","2","2","2","2","39042","36118","2924","39800","36934","2866","41532","38372","3160","42490","38714","3776","42314","38319","3995","43337","39403","3934","43742","39988","3754","43914","40328","3586","8.2","44183","40645","3538","72371"
"2180","AK","Nome Census Area, AK","7","11","7","11","3897","3427","470","3796","3374","422","3991","3577","414","3968","3505","463","4111","3595","516","4127","3620","507","4181","3692","489","4139","3632","507","12.2","4190","3682","508","46471"
"2185","AK","North Slope Borough, AK","7","11","7","11","4144","3860","284","4672","4420","252","5145","4927","218","5304","5053","251","3968","3649","319","3989","3691","298","4020","3717","303","4069","3780","289","7.1","4326","4075","251","74174"
"2188","AK","Northwest Arctic Borough, AK","7","11","7","11","2963","2627","336","2968","2646","322","2982","2637","345","2988","2632","356","2957","2560","397","2985","2524","461","3031","2555","476","3070","2570","500","16.3","3061","2551","510","54600"
"2195","AK","Petersburg Census Area, AK",,,"9","11","","","","","","","","","","","","","1844","1698","146","1856","1701","155","1882","1726","156","1673","1519","154","9.2","1636","1475","161","58176"
"2198","AK","Prince of Wales-Hyder Census Area, AK",,,"9","10","","","","","","","","","","","","","2543","2276","267","2571","2254","317","2593","2248","345","2808","2474","334","11.9","2799","2427","372","48175"
"2201","AK","Prince of Wales-Outer Ketchikan Census Area, AK","9","12",,,"2353","2016","337","2275","1966","309","2338","2015","323","2385","2022","363","","","","","","","","","","","","",,"","","",""
"2220","AK","Sitka Borough/city, AK","7","11","7","11","4684","4431","253","4635","4398","237","4621","4353","268","4646","4357","289","4561","4274","287","4632","4349","283","4649","4386","263","4631","4379","252","5.4","4701","4461","240","66038"
"2230","AK","Skagway Municipality, AK",,,"9","12","","","","","","","","","","","","","718","614","104","716","600","116","752","648","104","793","697","96","12.1","805","710","95","63930"
"2232","AK","Skagway-Hoonah-Angoon Census Area, AK","9","10",,,"1898","1657","241","1925","1685","240","1921","1673","248","1796","1532","264","","","","","","","","","","","","",,"","","",""
"2240","AK","Southeast Fairbanks Census Area, AK","8","7","9","12","3344","2986","358","3555","3246","309","3555","3241","314","3612","3264","348","3196","2816","380","3199","2805","394","3037","2648","389","3013","2624","389","12.9","2946","2562","384","54922"
"2261","AK","Valdez-Cordova Census Area, AK","9","11","9","11","5192","4749","443","5219","4778","441","5259","4816","443","5340","4887","453","4875","4419","456","4935","4450","485","4895","4421","474","4937","4452","485","9.8","4907","4439","468","63541"
"2270","AK","Wade Hampton Census Area, AK","9","12","9","12","2539","2012","527","2584","2057","527","2616","2078","538","2696","2135","561","2658","2115","543","2758","2177","581","2770","2158","612","2767","2114","653","23.6","2835","2164","671","31274"
"2275","AK","Wrangell Borough/city, AK",,,"9","12","","","","","","","","","","","","","1027","945","82","1052","973","79","1027","942","85","1060","975","85","8","1063","971","92","49039"
"2280","AK","Wrangell-Petersburg Census Area, AK","7","11",,,"2907","2629","278","2875","2598","277","2813","2513","300","2871","2572","299","","","","","","","","","","","","",,"","","",""
"2282","AK","Yakutat Borough/city, AK","9","12","9","12","311","281","30","308","287","21","320","296","24","314","278","36","297","265","32","301","269","32","288","260","28","286","259","27","9.4","277","250","27","56365"
"2290","AK","Yukon-Koyukuk Census Area, AK","8","7","9","12","2790","2424","366","2763","2382","381","2786","2393","393","2876","2471","405","2567","2125","442","2705","2208","497","2774","2292","482","2736","2238","498","18.2","2620","2130","490","35114"
"4000","AZ","Arizona",,,,,"2990441","2864385","126056","3034016","2917117","116899","3104863","2913903","190960","3128110","2817577","310533","3089705","2769454","320251","3039086","2749235","289851","3034050","2779187","254863","3041203","2803974","237229","7.8","3090628","2877643","212985","48504"
"4001","AZ","Apache County, AZ","6","6","6","6","20365","18320","2045","20200","18427","1773","21264","18792","2472","22938","19319","3619","23438","19589","3849","23065","18794","4271","22878","18499","4379","21932","17867","4065","18.5","21185","17802","3383","30252"
"4003","AZ","Cochise County, AZ","4","5","3","2","57210","54625","2585","57271","54934","2337","60278","56745","3533","63049","58022","5027","57023","51694","5329","55902","50568","5334","53846","49022","4824","51297","46671","4626","9","50978","46677","4301","45294"
"4005","AZ","Coconino County, AZ","3","2","3","2","69512","66470","3042","70736","68093","2643","73208","69108","4100","74805","68429","6376","72846","65650","7196","71731","64864","6867","71122","64981","6141","71068","65309","5759","8.1","71901","66755","5146","48732"
"4007","AZ","Gila County, AZ","4","3","4","3","20972","19878","1094","21166","20256","910","22326","20882","1444","23275","20629","2646","21623","18914","2709","21178","18731","2447","20946","18803","2143","20946","18948","1998","9.5","21363","19566","1797","39868"
"4009","AZ","Graham County, AZ","6","8","7","8","13124","12456","668","14294","13680","614","16139","14997","1142","15246","12952","2294","14570","12687","1883","14360","12920","1440","14518","13254","1264","14366","13212","1154","8","14418","13316","1102","43497"
"4011","AZ","Greenlee County, AZ","7","8","7","9","3774","3631","143","3998","3868","130","4408","4174","234","4396","3564","832","3439","2875","564","3352","2983","369","3544","3264","280","4582","4325","257","5.6","4699","4393","306","54673"
"4012","AZ","La Paz County, AZ","6","4","6","4","7759","7311","448","7655","7262","393","7551","6968","583","7702","6941","761","7868","7063","805","7833","7059","774","8160","7448","712","8076","7395","681","8.4","8011","7374","637","33994"
"4013","AZ","Maricopa County, AZ","1","1","1","1","1920575","1851719","68856","1945290","1881907","63383","1970741","1864614","106127","1966607","1787374","179233","1919590","1736764","182826","1895859","1733016","162843","1898250","1759162","139088","1913680","1787074","126606","6.6","1956284","1841365","114919","52066"
"4015","AZ","Mohave County, AZ","4","3","3","2","92888","88852","4036","91440","87174","4266","92592","85485","7107","91554","81120","10434","82726","71999","10727","79608","69843","9765","77723","69144","8579","77246","69270","7976","10.3","78247","71342","6905","38560"
"4017","AZ","Navajo County, AZ","4","6","4","5","38224","35396","2828","38244","35783","2461","39302","35328","3974","41199","34893","6306","43903","37450","6453","43383","36925","6458","43070","36924","6146","42103","36393","5710","13.6","41593","36908","4685","37182"
"4019","AZ","Pima County, AZ","2","2","2","2","451861","433523","18338","458486","441553","16933","474464","446795","27669","485850","441837","44013","478743","434106","44637","467287","427460","39827","463580","429190","34390","458619","427412","31207","6.8","461806","433321","28485","43926"
"4021","AZ","Pinal County, AZ","1","1","1","1","102937","97775","5162","111626","106534","5092","122313","113278","9035","126779","111192","15587","153707","137242","16465","149786","135082","14704","149174","136116","13058","149173","136734","12439","8.3","151645","140679","10966","49887"
"4023","AZ","Santa Cruz County, AZ","4","5","4","5","16746","15468","1278","17162","15893","1269","17888","15916","1972","18594","15655","2939","20881","17697","3184","20498","17317","3181","20177","17030","3147","20199","17074","3125","15.5","20258","17593","2665","35753"
"4025","AZ","Yavapai County, AZ","3","2","3","2","96732","92833","3899","97606","93996","3610","98076","92011","6065","98309","88034","10275","96533","86224","10309","93197","83977","9220","92906","84856","8050","92688","85510","7178","7.7","95402","89353","6049","40486"
"4027","AZ","Yuma County, AZ","3","2","3","2","77764","66129","11635","78841","67756","11085","84314","68812","15502","87808","67617","20191","92816","69500","23316","92051","69697","22354","94158","71494","22664","95232","70781","24451","25.7","92838","71198","21640","40498"
"5000","AR","Arkansas",,,,,"1365410","1294906","70504","1369284","1296572","72712","1375257","1300017","75240","1358911","1252399","106512","1353338","1242496","110842","1361789","1248726","113063","1341408","1239717","101691","1307465","1211317","96148","7.4","1300608","1220875","79733","40605"
"5001","AR","Arkansas County, AR","6","6","6","6","11749","10860","889","11988","10942","1046","12161","10969","1192","12305","10377","1928","11332","9224","2108","10586","9292","1294","9903","9034","869","9458","8771","687","7.3","9291","8787","504","38497"
"5003","AR","Ashley County, AR","7","11","7","11","9798","9067","731","9483","8712","771","9465","8745","720","9344","8359","985","9745","8765","980","9884","8775","1109","9293","8149","1144","8829","7852","977","11.1","8470","7675","795","36479"
"5005","AR","Baxter County, AR","7","8","7","8","17534","16604","930","17748","16787","961","17704","16635","1069","17328","15715","1613","16610","15050","1560","16581","15052","1529","16343","14978","1365","15864","14587","1277","8","15740","14671","1069","36082"
"5007","AR","Benton County, AR","2","2","2","2","103728","100267","3461","105064","101125","3939","106704","102277","4427","107694","100774","6920","107121","99999","7122","109513","102377","7136","110649","103991","6658","110559","104229","6330","5.7","113328","108068","5260","56518"
"5009","AR","Boone County, AR","7","8","7","8","17099","16256","843","16987","16127","860","17048","16116","932","16987","15712","1275","16519","15226","1293","16679","15357","1322","16504","15246","1258","15864","14733","1131","7.1","15417","14469","948","38410"
"5011","AR","Bradley County, AR","6","6","7","9","5719","5320","399","5799","5446","353","5622","5215","407","5486","4951","535","5002","4462","540","4554","3985","569","4366","3882","484","4080","3675","405","9.9","4123","3773","350","31733"
"5013","AR","Calhoun County, AR","9","8","9","8","2672","2487","185","2638","2461","177","2613","2451","162","2583","2365","218","2681","2445","236","2638","2384","254","2505","2279","226","2395","2198","197","8.2","2353","2194","159","37497"
"5015","AR","Carroll County, AR","6","6","6","6","14034","13429","605","14021","13416","605","14261","13620","641","14013","13160","853","12611","11686","925","12886","11957","929","12463","11677","786","12141","11402","739","6.1","12379","11728","651","34109"
"5017","AR","Chicot County, AR","7","9","7","9","5031","4611","420","4995","4583","412","4967","4556","411","4873","4331","542","4272","3745","527","4280","3715","565","4060","3596","464","3803","3354","449","11.8","3837","3430","407","28006"
"5019","AR","Clark County, AR","7","8","7","8","11021","10411","610","11069","10451","618","11054","10398","656","10782","9910","872","10212","9337","875","10324","9255","1069","10126","9107","1019","9806","8915","891","9.1","9443","8779","664","36517"
"5021","AR","Clay County, AR","7","9","7","9","7138","6557","581","6751","6125","626","6685","6146","539","6671","5914","757","7479","6659","820","7305","6415","890","6867","6108","759","6461","5820","641","9.9","6334","5824","510","33488"
"5023","AR","Cleburne County, AR","6","6","6","6","11643","11062","581","11687","10977","710","12111","11427","684","11794","10911","883","10336","9444","892","10544","9573","971","10370","9493","877","9894","9055","839","8.5","9607","8807","800","41612"
"5025","AR","Cleveland County, AR","3","2","3","2","4238","3981","257","4180","3942","238","4135","3892","243","4043","3715","328","3888","3562","326","3884","3552","332","3748","3471","277","3560","3286","274","7.7","3437","3198","239","42414"
"5027","AR","Columbia County, AR","7","8","7","8","11148","10475","673","11040","10320","720","10929","10166","763","10618","9584","1034","10507","9458","1049","10435","9395","1040","10098","9194","904","9565","8718","847","8.9","9369","8685","684","36927"
"5029","AR","Conway County, AR","6","6","6","6","9939","9451","488","10073","9583","490","10237","9671","566","10265","9491","774","9029","8156","873","9020","8140","880","8673","7893","780","8520","7751","769","9","8466","7868","598","38145"
"5031","AR","Craighead County, AR","3","2","3","2","45843","43648","2195","45989","43687","2302","46575","44307","2268","46769","43482","3287","47796","44249","3547","49151","45527","3624","49018","45636","3382","48775","45520","3255","6.7","49142","46441","2701","41608"
"5033","AR","Crawford County, AR","2","2","2","2","28157","26886","1271","28569","27174","1395","28721","27327","1394","27945","25758","2187","28323","25996","2327","28008","25523","2485","27591","25383","2208","26746","24672","2074","7.8","26433","24823","1610","39384"
"5035","AR","Crittenden County, AR","1","1","1","1","22464","20939","1525","22416","20955","1461","22601","20807","1794","22055","19652","2403","22819","20433","2386","22774","20280","2494","22103","19965","2138","21326","19487","1839","8.6","21184","19642","1542","37726"
"5037","AR","Cross County, AR","6","4","6","4","8654","8030","624","8457","7833","624","8559","7974","585","8537","7824","713","8618","7903","715","8828","8087","741","8526","7845","681","8124","7490","634","7.8","8002","7475","527","35438"
"5039","AR","Dallas County, AR","6","6","6","6","3952","3694","258","3881","3608","273","3908","3625","283","3940","3539","401","3487","3057","430","3319","2906","413","3177","2812","365","2902","2583","319","11","2861","2590","271","32591"
"5041","AR","Desha County, AR","6","6","6","6","6356","5778","578","6177","5567","610","5942","5422","520","5593","4960","633","5884","5229","655","6148","5460","688","5928","5337","591","5586","5035","551","9.9","5515","5058","457","30241"
"5043","AR","Drew County, AR","7","11","6","6","8595","7911","684","8501","7870","631","8503","7831","672","8224","7318","906","8568","7633","935","8653","7646","1007","8366","7469","897","8082","7276","806","10","7895","7213","682","35249"
"5045","AR","Faulkner County, AR","2","2","2","2","53586","51235","2351","55212","52793","2419","56244","53567","2677","56404","52485","3919","58711","54465","4246","59453","55171","4282","59660","55703","3957","58625","54755","3870","6.6","58134","54835","3299","49936"
"5047","AR","Franklin County, AR","2","2","6","6","8586","8217","369","8600","8215","385","8566","8184","382","8183","7589","594","7800","7197","603","7796","7197","599","7663","7117","546","7338","6825","513","7","7213","6796","417","38874"
"5049","AR","Fulton County, AR","9","9","9","9","5128","4869","259","5169","4912","257","5245","4971","274","5253","4861","392","5172","4767","405","5125","4726","399","5105","4737","368","4862","4521","341","7","4710","4428","282","33439"
"5051","AR","Garland County, AR","3","2","3","2","42313","40108","2205","42727","40380","2347","42783","40368","2415","42565","39321","3244","41563","38046","3517","41762","38103","3659","41165","37906","3259","40360","37265","3095","7.7","40044","37480","2564","39057"
"5053","AR","Grant County, AR","2","2","2","2","8689","8266","423","8587","8162","425","8691","8237","454","8520","7913","607","8567","7960","607","8556","7923","633","8418","7843","575","8179","7635","544","6.7","8116","7665","451","47089"
"5055","AR","Greene County, AR","6","5","4","5","19060","17981","1079","18678","17463","1215","19127","17870","1257","18767","16880","1887","19683","17768","1915","20144","18177","1967","20007","18255","1752","19235","17663","1572","8.2","19403","18142","1261","40840"
"5057","AR","Hempstead County, AR","6","5","6","6","11097","10497","600","10978","10332","646","10733","10111","622","10703","9819","884","10674","9685","989","11020","10043","977","10842","10049","793","9982","9247","735","7.4","9812","9212","600","33715"
"5059","AR","Hot Spring County, AR","6","6","6","5","15604","14798","806","15477","14654","823","15211","14207","1004","15337","14017","1320","14188","12969","1219","14519","13312","1207","14473","13426","1047","13952","12918","1034","7.4","13863","13049","814","39927"
"5061","AR","Howard County, AR","7","9","6","6","6511","6160","351","6452","6101","351","6379","6025","354","6227","5727","500","6545","6037","508","6745","6236","509","6430","5996","434","6165","5762","403","6.5","6249","5883","366","32740"
"5063","AR","Independence County, AR","7","8","7","8","17664","16695","969","17393","16321","1072","17121","15922","1199","16876","15394","1482","17059","15559","1500","16703","15140","1563","16020","14546","1474","15621","14199","1422","9.1","15271","14055","1216","37761"
"5065","AR","Izard County, AR","9","10","9","10","5416","5082","334","5445","5125","320","5476","5108","368","5349","4859","490","5139","4622","517","5228","4710","518","5153","4703","450","4941","4512","429","8.7","4841","4472","369","33308"
"5067","AR","Jackson County, AR","6","6","6","6","7925","7316","609","7891","7297","594","7928","7313","615","7643","6807","836","6734","5936","798","6710","5931","779","6459","5768","691","6200","5523","677","10.9","6115","5543","572","32923"
"5069","AR","Jefferson County, AR","3","2","3","2","36465","33607","2858","35578","32915","2663","35341","32634","2707","35629","32128","3501","33973","30438","3535","33703","29959","3744","32430","29189","3241","30678","27477","3201","10.4","29195","26592","2603","36169"
"5071","AR","Johnson County, AR","6","6","7","9","11184","10611","573","11443","10892","551","11631","11080","551","11562","10731","831","10977","10072","905","11123","10249","874","10796","10000","796","10441","9633","808","7.7","10185","9510","675","33634"
"5073","AR","Lafayette County, AR","8","7","8","7","3158","2936","222","3143","2908","235","3070","2853","217","2991","2706","285","3041","2741","300","3005","2714","291","2885","2609","276","2716","2447","269","9.9","2641","2430","211","30642"
"5075","AR","Lawrence County, AR","6","6","6","6","7479","6974","505","7400","6894","506","7307","6786","521","7321","6648","673","7445","6737","708","7466","6727","739","7228","6569","659","7071","6432","639","9","6994","6476","518","34740"
"5077","AR","Lee County, AR","6","4","7","9","3618","3287","331","3634","3294","340","3618","3309","309","3534","3209","325","3704","3387","317","3681","3324","357","3525","3183","342","3284","2967","317","9.7","3226","2972","254","27068"
"5079","AR","Lincoln County, AR","3","2","3","2","5196","4782","414","5044","4649","395","5009","4604","405","4989","4495","494","4699","4258","441","4777","4332","445","4580","4180","400","4309","3942","367","8.5","4144","3841","303","36062"
"5081","AR","Little River County, AR","6","6","3","2","6535","6240","295","6539","6267","272","6747","6482","265","6774","6366","408","6220","5738","482","6140","5659","481","5975","5537","438","5644","5208","436","7.7","5534","5166","368","36310"
"5083","AR","Logan County, AR","6","6","6","6","10322","9822","500","10575","10048","527","10435","9753","682","10120","9186","934","9805","8964","841","9636","8784","852","9619","8848","771","9140","8421","719","7.9","9003","8455","548","34090"
"5085","AR","Lonoke County, AR","2","2","2","2","31679","30337","1342","31711","30328","1383","32460","31002","1458","32345","30321","2024","33287","31036","2251","33434","31104","2330","33044","30947","2097","32416","30410","2006","6.2","32178","30506","1672","55648"
"5087","AR","Madison County, AR","2","2","2","2","7923","7638","285","7781","7464","317","7760","7418","342","7396","6896","500","7270","6756","514","7241","6749","492","6964","6555","409","6778","6379","399","5.9","6954","6614","340","36358"
"5089","AR","Marion County, AR","9","10","9","10","6995","6633","362","7052","6671","381","6963","6526","437","6711","5917","794","6716","6035","681","6756","6117","639","6603","6058","545","6440","5936","504","7.8","6436","6020","416","34217"
"5091","AR","Miller County, AR","3","2","3","2","19572","18662","910","19792","18910","882","20242","19423","819","19952","18825","1127","20560","19364","1196","20800","19472","1328","20255","19033","1222","19339","18071","1268","6.6","19052","17905","1147","40005"
"5093","AR","Mississippi County, AR","4","5","4","3","21268","19610","1658","21616","20044","1572","22063","20367","1696","21532","18532","3000","20195","17667","2528","20972","18443","2529","20240","18025","2215","18786","16638","2148","11.4","18954","17190","1764","34285"
"5095","AR","Monroe County, AR","7","9","7","9","3892","3613","279","3897","3636","261","3860","3613","247","3717","3415","302","3413","3098","315","3388","3065","323","3266","2971","295","3083","2811","272","8.8","3080","2870","210","29870"
"5097","AR","Montgomery County, AR","8","7","8","7","4401","4195","206","4263","4038","225","4203","3965","238","4168","3874","294","3904","3562","342","3822","3468","354","3582","3278","304","3377","3091","286","8.5","3321","3052","269","31763"
"5099","AR","Nevada County, AR","7","8","7","9","4446","4201","245","4363","4115","248","4280","3989","291","4250","3855","395","4016","3614","402","4175","3782","393","4122","3804","318","3733","3444","289","7.7","3646","3423","223","33341"
"5101","AR","Newton County, AR","9","8","9","8","3608","3422","186","3520","3342","178","3504","3304","200","3459","3184","275","3790","3528","262","3801","3515","286","3625","3358","267","3453","3208","245","7.1","3361","3159","202","31824"
"5103","AR","Ouachita County, AR","7","8","7","8","12531","11525","1006","12054","11178","876","11979","11212","767","12136","11162","974","11294","10214","1080","11049","9894","1155","10474","9384","1090","10125","9144","981","9.7","9883","9087","796","35006"
"5105","AR","Perry County, AR","2","2","2","2","4905","4661","244","4835","4601","234","4822","4551","271","4724","4353","371","4560","4154","406","4517","4096","421","4407","4010","397","4310","3906","404","9.4","4240","3914","326","42328"
"5107","AR","Phillips County, AR","7","8","6","3","9148","8404","744","9060","8403","657","9047","8398","649","8841","8001","840","8585","7681","904","8441","7417","1024","7962","7040","922","7515","6647","868","11.6","7199","6508","691","25894"
"5109","AR","Pike County, AR","9","10","9","10","5375","5104","271","5240","4944","296","5121","4811","310","5051","4664","387","4843","4400","443","4651","4183","468","4359","3964","395","4151","3782","369","8.9","4160","3849","311","35592"
"5111","AR","Poinsett County, AR","3","2","3","2","11359","10603","756","10923","10132","791","10796","10103","693","10542","9607","935","10737","9736","1001","10806","9777","1029","10367","9475","892","10018","9172","846","8.4","10073","9376","697","34113"
"5113","AR","Polk County, AR","7","11","7","11","8928","8504","424","8904","8467","437","8919","8459","460","8797","8125","672","8981","8311","670","8944","8221","723","8695","8045","650","8365","7751","614","7.3","8362","7825","537","31818"
"5115","AR","Pope County, AR","5","8","5","8","30229","28796","1433","30274","28835","1439","30504","29008","1496","29573","27343","2230","30054","27706","2348","30503","28107","2396","29971","27784","2187","29318","27131","2187","7.5","29204","27346","1858","39704"
"5117","AR","Prairie County, AR","8","7","8","7","4517","4263","254","4436","4182","254","4425","4173","252","4294","3956","338","3967","3602","365","3934","3594","340","3821","3532","289","3759","3491","268","7.1","3767","3543","224","38921"
"5119","AR","Pulaski County, AR","2","2","2","2","189922","180838","9084","191162","182117","9045","191923","182801","9122","189945","177280","12665","189321","175512","13809","189866","175773","14093","188276","175352","12924","184588","172347","12241","6.6","182809","172578","10231","46526"
"5121","AR","Randolph County, AR","7","11","7","9","7829","7268","561","7666","6956","710","7596","6974","622","7664","6956","708","7260","6516","744","7177","6371","806","6858","6117","741","6616","5978","638","9.6","6479","5957","522","33148"
"5123","AR","St. Francis County, AR","6","3","6","3","10814","9847","967","10561","9546","1015","10429","9450","979","10389","9308","1081","9830","8784","1046","9820","8724","1096","9493","8461","1032","9077","8116","961","10.6","8826","8039","787","29011"
"5125","AR","Saline County, AR","2","2","2","2","48576","46446","2130","49069","47019","2050","50037","47807","2230","49591","46320","3271","53382","49824","3558","54188","50573","3615","54347","51009","3338","54154","50966","3188","5.9","53685","51029","2656","54921"
"5127","AR","Scott County, AR","6","6","6","6","4938","4720","218","4880","4655","225","4889","4656","233","4913","4577","336","4721","4386","335","4830","4486","344","4644","4330","314","4538","4248","290","6.4","4531","4296","235","32404"
"5129","AR","Searcy County, AR","9","10","9","10","3559","3390","169","3628","3451","177","3638","3441","197","3569","3294","275","3393","3081","312","3333","3028","305","3216","2952","264","3087","2840","247","8","2954","2761","193","27299"
"5131","AR","Sebastian County, AR","2","2","2","2","60935","58127","2808","62414","59205","3209","62219","59133","3086","60582","55949","4633","59543","54760","4783","59574","54408","5166","58978","54330","4648","57491","53143","4348","7.6","56683","53419","3264","41685"
"5133","AR","Sevier County, AR","7","11","6","6","7781","7467","314","7801","7480","321","7640","7330","310","7570","7126","444","7059","6563","496","6400","5809","591","6124","5587","537","5850","5362","488","8.3","5722","5322","400","33698"
"5135","AR","Sharp County, AR","7","9","7","9","6557","6117","440","6448","6015","433","6319","5842","477","6248","5673","575","6309","5690","619","6288","5616","672","6099","5480","619","5951","5364","587","9.9","5874","5363","511","31224"
"5137","AR","Stone County, AR","9","9","9","9","4767","4503","264","4804","4531","273","4744","4432","312","4597","4191","406","5522","5103","419","5402","4916","486","5057","4630","427","4763","4344","419","8.8","4661","4290","371","27522"
"5139","AR","Union County, AR","5","8","7","8","19852","18532","1320","19462","18130","1332","19294","18065","1229","19175","17192","1983","17164","15222","1942","16967","15177","1790","16730","15194","1536","16393","14982","1411","8.6","16374","15137","1237","38132"
"5141","AR","Van Buren County, AR","8","7","8","6","7118","6690","428","7058","6640","418","7083","6614","469","7029","6294","735","6476","5752","724","6749","6006","743","6592","5929","663","6408","5790","618","9.6","6373","5852","521","35111"
"5143","AR","Washington County, AR","2","2","2","2","103155","99421","3734","104859","100817","4042","103877","99485","4392","99482","93231","6251","102865","96162","6703","104768","98154","6614","105281","99352","5929","105608","99856","5752","5.4","108276","103486","4790","43302"
"5145","AR","White County, AR","4","5","4","5","32299","30463","1836","32094","29988","2106","33288","31300","1988","34059","31269","2790","36442","33437","3005","36753","33558","3195","36222","33358","2864","34730","31949","2781","8","34055","31598","2457","43363"
"5147","AR","Woodruff County, AR","9","9","9","10","3581","3285","296","3539","3231","308","3520","3238","282","3368","2997","371","3630","3251","379","3570","3177","393","3383","3035","348","3206","2893","313","9.8","3150","2903","247","29159"
"5149","AR","Yell County, AR","6","5","6","5","10914","10425","489","10645","10189","456","10652","10169","483","10643","9769","874","9714","8928","786","9592","8881","711","9249","8632","617","8959","8364","595","6.6","8963","8457","506","34679"
"6000","CA","California",,,,,"17654109","16789422","864687","17893080","16931590","961490","18178123","16854482","1323641","18215140","16182572","2032568","18336271","16091945","2244326","18419494","16260099","2159395","18554763","16630055","1924708","18671637","17002894","1668743","8.9","18811395","17397119","1414276","60185"
"6001","CA","Alameda County, CA","1","1","1","1","733836","701275","32561","745198","710144","35054","756411","709426","46985","760888","682852","78036","781818","696408","85410","786228","706863","79365","799799","730131","69668","806366","747783","58583","7.3","811346","763663","47683","72128"
"6003","CA","Alpine County, CA","8","4","8","4","482","451","31","493","454","39","465","416","49","446","383","63","543","473","70","595","519","76","548","486","62","521","470","51","9.8","491","448","43","49392"
"6005","CA","Amador County, CA","6","4","6","4","17236","16315","921","17703","16675","1028","17797","16428","1369","17817","15781","2036","15542","13361","2181","15135","13081","2054","14732","12927","1805","14416","12925","1491","10.3","14459","13252","1207","52357"
"6007","CA","Butte County, CA","3","2","3","2","99752","93557","6195","101228","94489","6739","102816","94116","8700","103739","91000","12739","102275","88029","14246","100380","86630","13750","100997","88685","12312","101931","91437","10494","10.3","101924","93104","8820","42395"
"6009","CA","Calaveras County, CA","6","6","6","6","20596","19390","1206","20725","19394","1331","20621","18831","1790","20327","17563","2764","20952","17917","3035","20610","17712","2898","20188","17684","2504","20217","18203","2014","10","20307","18666","1641","52598"
"6011","CA","Colusa County, CA","6","4","6","4","9915","8701","1214","10217","9015","1202","10495","9042","1453","11516","9490","2026","11551","9150","2401","11413","8996","2417","11323","8978","2345","11265","9126","2139","19","11152","9205","1947","48897"
"6013","CA","Contra Costa County, CA","1","1","1","1","510424","488580","21844","514317","490220","24097","523720","491147","32573","524795","472577","52218","525531","467898","57633","529563","475035","54528","537043","488952","48091","540309","499924","40385","7.5","544022","510513","33509","78909"
"6015","CA","Del Norte County, CA","7","8","7","8","10793","10053","740","11029","10199","830","11361","10358","1003","11679","10303","1376","10882","9440","1442","10848","9400","1448","10486","9061","1425","10358","9134","1224","11.8","10041","9019","1022","38663"
"6017","CA","El Dorado County, CA","1","1","1","1","91558","87339","4219","90382","85707","4675","90600","84259","6341","91670","81716","9954","91136","80009","11127","89744","79251","10493","89258","80136","9122","88581","81040","7541","8.5","88797","82585","6212","63002"
"6019","CA","Fresno County, CA","2","2","2","2","410430","377532","32898","418579","382789","35790","429670","384317","45353","434044","370321","63723","438870","365498","73372","442790","369534","73256","440354","373562","66792","439885","381766","58119","13.2","441022","389805","51217","43741"
"6021","CA","Glenn County, CA","6","6","6","6","11612","10681","931","11975","10921","1054","12182","10904","1278","12579","10800","1779","13157","11119","2038","13110","11068","2042","13137","11266","1871","12976","11402","1574","12.1","12908","11533","1375","42129"
"6023","CA","Humboldt County, CA","5","8","5","8","59404","56124","3280","59282","55775","3507","59953","55580","4373","60835","54333","6502","65928","58951","6977","64999","58117","6882","64391","58186","6205","63152","57989","5163","8.2","62751","58495","4256","40882"
"6025","CA","Imperial County, CA","3","2","3","2","63023","53304","9719","65967","54052","11915","72434","56097","16337","75569","54889","20680","78013","55326","22687","78806","55887","22919","79232","57483","21749","78765","59151","19614","24.9","80266","61309","18957","40106"
"6027","CA","Inyo County, CA","7","8","7","11","9010","8599","411","8885","8447","438","9087","8486","601","9388","8547","841","9784","8837","947","9716","8776","940","9604","8732","872","9368","8626","742","7.9","9213","8570","643","45784"
"6029","CA","Kern County, CA","2","2","2","2","336093","310742","25351","345187","316959","28228","359141","323808","35333","362714","311707","51007","371832","313678","58154","382892","326259","56633","393136","341434","51702","394225","347955","46270","11.7","394849","353645","41204","46688"
"6031","CA","Kings County, CA","3","2","3","2","54995","50355","4640","57327","52353","4974","58735","52511","6224","60489","51876","8613","59344","49761","9583","59048","49646","9402","58859","50072","8787","58076","50257","7819","13.5","57393","50473","6920","45794"
"6033","CA","Lake County, CA","4","5","4","5","24273","22410","1863","24041","22010","2031","24525","21910","2615","25372","21565","3807","29435","24931","4504","29206","24906","4300","29260","25477","3783","29619","26425","3194","10.8","29928","27275","2653","36973"
"6035","CA","Lassen County, CA","6","6","7","8","12217","11253","964","12436","11422","1014","12820","11592","1228","13564","11893","1671","12137","10438","1699","11825","10231","1594","11522","10089","1433","10998","9830","1168","10.6","10808","9806","1002","50487"
"6037","CA","Los Angeles County, CA","1","1","1","1","4807873","4577565","230308","4864160","4614776","249384","4928959","4555103","373856","4914702","4345182","569520","4917375","4302274","615101","4929513","4326097","603416","4914514","4378759","535755","4982268","4495669","486599","9.8","5025883","4610795","415088","54443"
"6039","CA","Madera County, CA","3","2","3","2","62732","58352","4380","63365","58620","4745","65020","58861","6159","66473","57597","8876","61518","51277","10241","61943","51923","10020","62666","53602","9064","62658","54815","7843","12.5","63184","56203","6981","41223"
"6041","CA","Marin County, CA","1","1","1","1","130575","125967","4608","131904","127083","4821","132204","125973","6231","131981","122061","9920","133143","122701","10442","134696","124925","9771","137308","128679","8629","138872","131715","7157","5.2","140051","134071","5980","94347"
"6043","CA","Mariposa County, CA","8","7","8","7","9008","8499","509","9061","8515","546","9273","8574","699","9397","8431","966","8736","7609","1127","8690","7551","1139","8412","7387","1025","8195","7334","861","10.5","8128","7413","715","45251"
"6045","CA","Mendocino County, CA","4","5","4","5","43242","40993","2249","43115","40744","2371","43213","40230","2983","43306","38955","4351","41486","36657","4829","40846","36183","4663","40924","36813","4111","41141","37758","3383","8.2","41067","38229","2838","42001"
"6047","CA","Merced County, CA","3","2","2","2","97919","88681","9238","99843","89797","10046","102153","89245","12908","105373","87863","17510","113295","92907","20388","114521","94293","20228","115111","96270","18841","114954","98317","16637","14.5","115386","100615","14771","41003"
"6049","CA","Modoc County, CA","6","6","6","6","3981","3672","309","3896","3582","314","3937","3555","382","4044","3555","489","3829","3248","581","3631","3053","578","3628","3106","522","3479","3049","430","12.4","3365","3012","353","37055"
"6051","CA","Mono County, CA","7","9","7","11","8238","7874","364","8132","7741","391","8605","8096","509","8736","7969","767","8918","8012","906","8863","7976","887","8440","7568","872","8360","7646","714","8.5","8161","7572","589","55107"
"6053","CA","Monterey County, CA","2","2","2","2","203070","189023","14047","205460","190781","14679","212064","194121","17943","215363","190585","24778","215775","188326","27449","216612","189208","27404","218287","193008","25279","216836","194498","22338","10.3","219814","199894","19920","55411"
"6055","CA","Napa County, CA","3","2","3","2","71692","68927","2765","73232","70286","2946","75546","71677","3869","75560","69240","6320","70267","63040","7227","70829","63926","6903","71967","65938","6029","72862","67900","4962","6.8","74041","69912","4129","68619"
"6057","CA","Nevada County, CA","4","3","4","3","49610","47443","2167","50125","47719","2406","50353","47033","3320","50379","45205","5174","48916","43179","5737","48980","43555","5425","48418","43708","4710","48028","44158","3870","8.1","47906","44753","3153","55246"
"6059","CA","Orange County, CA","1","1","1","1","1597788","1543471","54317","1606177","1543703","62474","1615488","1529661","85827","1589259","1451687","137572","1538636","1388887","149749","1548110","1408314","139796","1566066","1443350","122716","1566788","1464904","101884","6.5","1575606","1489164","86442","73827"
"6061","CA","Placer County, CA","1","1","1","1","168855","161825","7030","172478","164247","8231","176976","165485","11491","179718","161416","18302","173186","153084","20102","173676","154863","18813","175269","158857","16412","175911","162342","13569","7.7","176474","165421","11053","73643"
"6063","CA","Plumas County, CA","7","12","7","12","10086","9314","772","9948","9099","849","9812","8774","1038","10016","8475","1541","9174","7506","1668","8919","7355","1564","8524","7149","1375","8238","7095","1143","13.9","8140","7188","952","47645"
"6065","CA","Riverside County, CA","1","1","1","1","881248","836872","44376","902047","847618","54429","911507","833309","78198","915787","795813","119974","976218","841059","135159","978246","849424","128822","989073","873872","115201","998570","899800","98770","9.9","1010706","927334","83372","53909"
"6067","CA","Sacramento County, CA","1","1","1","1","668817","637010","31807","675800","639075","36725","679394","630283","49111","681094","606070","75024","682498","596363","86135","679830","597552","82278","682707","610882","71825","680908","620449","60459","8.9","682174","632195","49979","52980"
"6069","CA","San Benito County, CA","1","1","1","1","24164","22433","1731","24005","22269","1736","24840","22435","2405","24864","21392","3472","27858","23643","4215","28238","24137","4101","28697","24943","3754","28838","25627","3211","11.1","29242","26511","2731","66780"
"6071","CA","San Bernardino County, CA","1","1","1","1","860020","818622","41398","862191","813867","48324","862104","792836","69268","857696","749142","108554","889570","769182","120388","887989","773692","114297","893817","791692","102125","898394","810707","87687","9.8","909188","835991","73197","52112"
"6073","CA","San Diego County, CA","1","1","1","1","1496145","1436821","59324","1515351","1446347","69004","1545849","1452608","93241","1554333","1408347","145986","1516048","1353116","162932","1525994","1368732","157262","1544559","1403589","140970","1546196","1425797","120399","7.8","1546363","1447147","99216","61365"
"6075","CA","San Francisco County/city, CA","1","1","1","1","415749","398293","17456","432564","414199","18365","456989","432981","24008","459432","419546","39886","485980","442656","43324","495133","454930","40203","510889","476076","34813","519770","491421","28349","5.5","532645","509338","23307","76933"
"6077","CA","San Joaquin County, CA","2","2","2","2","283597","262552","21045","288638","265279","23359","292848","262271","30577","297806","253310","44496","311217","259775","51442","310981","260635","50346","311309","266403","44906","311335","272758","38577","12.4","311061","277967","33094","51219"
"6079","CA","San Luis Obispo County, CA","3","2","2","2","132376","127166","5210","134026","128276","5750","136402","128522","7880","136378","124372","12006","133790","120348","13442","134502","121662","12840","137673","126390","11283","137968","128591","9377","6.8","139865","132027","7838","57743"
"6081","CA","San Mateo County, CA","1","1","1","1","364007","350645","13362","369503","355415","14088","372360","354161","18199","374199","343493","30706","392551","359710","32841","399556","369437","30119","412613","386074","26539","420226","398203","22023","5.2","430778","412661","18117","91061"
"6083","CA","Santa Barbara County, CA","2","2","2","2","210884","202365","8519","213473","204163","9310","218082","206131","11951","219990","201872","18118","212479","191892","20587","213245","193327","19918","216477","198436","18041","217195","201678","15517","7.1","218721","205421","13300","60803"
"6085","CA","Santa Clara County, CA","1","1","1","1","821565","784773","36792","843437","803877","39560","868908","816618","52290","874982","782384","92598","926933","830522","96411","940583","853164","87419","961520","885196","76324","975045","911379","63666","6.5","995256","943520","51736","91843"
"6087","CA","Santa Cruz County, CA","2","2","2","2","143053","134990","8063","144713","136158","8555","146119","135342","10777","147664","131302","16362","141718","122873","18845","141370","122906","18464","142335","125495","16840","142235","127654","14581","10.3","142626","130157","12469","65282"
"6089","CA","Shasta County, CA","3","2","3","2","82446","77008","5438","82540","76350","6190","82577","74257","8320","83960","71919","12041","78261","65092","13169","76823","64546","12277","76011","65195","10816","75459","66550","8909","11.8","75458","68165","7293","41236"
"6091","CA","Sierra County, CA","8","7","8","7","1587","1469","118","1610","1482","128","1589","1421","168","1595","1357","238","1615","1368","247","1605","1367","238","1474","1263","211","1441","1255","186","12.9","1448","1303","145","46449"
"6093","CA","Siskiyou County, CA","7","11","6","6","18596","17107","1489","18786","17192","1594","19204","17242","1962","19631","16835","2796","19599","16296","3303","19412","16112","3300","18902","15945","2957","18202","15794","2408","13.2","18001","15973","2028","37108"
"6095","CA","Solano County, CA","2","2","2","2","207849","197727","10122","208196","197214","10982","211059","196503","14556","214520","192225","22295","202783","177345","25438","202756","178204","24552","203854","182169","21685","204298","185917","18381","9","203706","188520","15186","63398"
"6097","CA","Sonoma County, CA","2","2","2","2","253990","243840","10150","257316","246143","11173","259633","244654","14979","256523","232398","24125","247512","220978","26534","249053","223858","25195","249811","227935","21876","252667","235061","17606","7","257295","242944","14351","61020"
"6099","CA","Stanislaus County, CA","2","2","2","2","224294","206447","17847","226889","207202","19687","231707","206012","25695","234462","198102","36360","242934","201842","41092","242029","202085","39944","242254","206112","36142","241655","210419","31236","12.9","241446","214361","27085","47808"
"6101","CA","Sutter County, CA","3","2","3","2","40363","36753","3610","40987","37022","3965","41058","35980","5078","41882","34991","6891","45905","37468","8437","45895","37555","8340","45628","37947","7681","44872","38316","6556","14.6","44455","38802","5653","47903"
"6103","CA","Tehama County, CA","4","5","4","5","25054","23432","1622","24859","23061","1798","25153","22832","2321","25344","21887","3457","25597","21637","3960","25465","21637","3828","25209","21730","3479","24967","22050","2917","11.7","25250","22807","2443","43459"
"6105","CA","Trinity County, CA","8","6","8","6","5058","4558","500","5024","4499","525","4850","4228","622","4985","4148","837","5439","4517","922","5403","4505","898","5355","4572","783","5143","4523","620","12.1","5045","4544","501","35708"
"6107","CA","Tulare County, CA","2","2","2","2","187407","171467","15940","191568","173855","17713","198899","177353","21546","203168","172996","30172","203150","168239","34911","203695","168921","34774","201882","169252","32630","200940","172028","28912","14.4","198631","172359","26272","39657"
"6109","CA","Tuolumne County, CA","4","5","4","5","25806","24316","1490","25775","24176","1599","25767","23703","2064","25724","22594","3130","22601","19157","3444","22717","19434","3283","22359","19454","2905","21680","19334","2346","10.8","21638","19750","1888","50774"
"6111","CA","Ventura County, CA","2","2","2","2","419562","401509","18053","423062","402396","20666","428792","401777","27015","430294","388824","41470","430374","383788","46586","432199","387995","44204","435897","396245","39652","434272","400105","34167","7.9","431547","402720","28827","76513"
"6113","CA","Yolo County, CA","1","1","1","1","93606","88766","4840","97518","91928","5590","98299","91012","7287","98742","87862","10880","101642","89288","12354","101168","89190","11978","102219","91263","10956","101414","92227","9187","9.1","101799","93985","7814","55011"
"6115","CA","Yuba County, CA","3","2","3","2","26551","24218","2333","27345","24813","2532","27700","24396","3304","28348","23574","4774","29024","23862","5162","28872","23961","4911","28841","24390","4451","28336","24613","3723","13.1","28165","25007","3158","41824"
"8000","CO","Colorado",,,,,"2622243","2509729","112514","2664677","2565218","99459","2716625","2585243","131382","2722982","2524443","198539","2724417","2486404","238013","2734416","2507786","226630","2757126","2542510","214616","2779631","2590608","189023","6.8","2817334","2675947","141387","58942"
"8001","CO","Adams County, CO","1","1","1","1","217152","206644","10508","219560","210306","9254","225880","213688","12192","228327","209001","19326","234221","210728","23493","236183","212975","23208","239358","217143","22215","242672","223231","19441","8","245361","231357","14004","54876"
"8003","CO","Alamosa County, CO","7","11","7","11","8231","7849","382","8352","8022","330","8356","7919","437","8936","8373","563","7702","7010","692","7673","6943","730","7738","6950","788","7575","6862","713","9.4","7558","7022","536","37484"
"8005","CO","Arapahoe County, CO","1","1","1","1","302717","289805","12912","304913","293497","11416","312650","297374","15276","312497","289832","22665","316886","289715","27171","319070","292927","26143","322836","298249","24587","327606","306297","21309","6.5","333429","317086","16343","61092"
"8007","CO","Archuleta County, CO","7","10","7","10","6452","6186","266","6604","6354","250","6524","6194","330","6334","5862","472","5785","5169","616","5741","5169","572","5729","5166","563","5716","5226","490","8.6","5751","5407","344","44417"
"8009","CO","Baca County, CO","9","12","9","12","2423","2348","75","2398","2338","60","2241","2165","76","2593","2498","95","2084","1982","102","2067","1969","98","2016","1926","90","1904","1826","78","4.1","1962","1907","55","35787"
"8011","CO","Bent County, CO","7","11","7","12","2409","2274","135","2424","2307","117","2342","2196","146","2680","2506","174","2006","1843","163","1927","1770","157","1720","1579","141","1651","1527","124","7.5","1673","1585","88","34440"
"8013","CO","Boulder County, CO","2","2","2","2","170598","164263","6335","173647","167953","5694","177472","170108","7364","175518","164765","10753","170293","158308","11985","171906","160938","10968","174308","163636","10672","175582","166020","9562","5.4","177744","170468","7276","71405"
"8014","CO","Broomfield County/city, CO","1","1","1","1","25442","24355","1087","29984","28928","1056","30844","29451","1393","30845","28722","2123","31538","29198","2340","31747","29545","2202","32272","30160","2112","32924","31027","1897","5.8","33583","32147","1436","79117"
"8015","CO","Chaffee County, CO","7","11","7","11","8148","7795","353","8211","7918","293","8362","7986","376","8576","8038","538","8270","7634","636","8296","7704","592","8370","7804","566","8339","7830","509","6.1","8501","8125","376","48012"
"8017","CO","Cheyenne County, CO","9","12","9","12","1349","1313","36","1366","1332","34","1257","1223","34","1372","1337","35","1047","1004","43","1051","1007","44","1010","965","45","974","933","41","4.2","998","969","29","50379"
"8019","CO","Clear Creek County, CO","1","1","1","1","5791","5557","234","5648","5441","207","5652","5393","259","5426","5036","390","5623","5167","456","5499","5095","404","5486","5105","381","5466","5125","341","6.2","5564","5305","259","63489"
"8021","CO","Conejos County, CO","9","12","9","12","3770","3523","247","3640","3438","202","3634","3369","265","3738","3461","277","3753","3394","359","3723","3338","385","3706","3321","385","3620","3242","378","10.4","3629","3345","284","34923"
"8023","CO","Costilla County, CO","9","12","9","12","1326","1214","112","1303","1211","92","1280","1181","99","1379","1254","125","1553","1388","165","1580","1397","183","1601","1421","180","1602","1424","178","11.1","1622","1474","148","28233"
"8025","CO","Crowley County, CO","8","7","8","7","1590","1482","108","1923","1802","121","1821","1687","134","1987","1816","171","1522","1383","139","1487","1357","130","1364","1253","111","1330","1233","97","7.3","1313","1233","80","31477"
"8027","CO","Custer County, CO","8","7","8","7","1949","1866","83","1994","1915","79","1912","1815","97","2039","1912","127","2078","1940","138","2016","1890","126","1987","1862","125","1928","1806","122","6.3","1994","1901","93","47268"
"8029","CO","Delta County, CO","6","6","6","6","15873","15240","633","16412","15871","541","16501","15778","723","16973","15760","1213","14510","12961","1549","14384","12908","1476","14369","13023","1346","13863","12681","1182","8.5","13743","12794","949","41730"
"8031","CO","Denver County/city, CO","1","1","1","1","306021","291349","14672","314781","301750","13031","323342","305960","17382","324332","298039","26293","347590","315922","31668","352140","322020","30120","357730","329910","27820","364612","340401","24211","6.6","370487","352427","18060","51156"
"8033","CO","Dolores County, CO","9","10","9","12","985","921","64","1030","979","51","985","914","71","1044","907","137","1000","823","177","946","826","120","948","853","95","1019","935","84","8.2","1285","1233","52","42416"
"8035","CO","Douglas County, CO","1","1","1","1","151085","145720","5365","154953","150126","4827","160990","154263","6727","161345","151397","9948","157522","146562","10960","158191","148185","10006","160960","151401","9559","165215","156496","8719","5.3","168842","162063","6779","105192"
"8037","CO","Eagle County, CO","5","8","5","8","29827","28823","1004","30929","30053","876","31666","30535","1131","30521","28382","2139","32447","29697","2750","32154","29631","2523","32374","30063","2311","32043","30097","1946","6.1","32739","31357","1382","78517"
"8039","CO","Elbert County, CO","1","1","1","1","13123","12602","521","12798","12327","471","13020","12396","624","12933","12029","904","12755","11727","1028","12664","11726","938","12690","11801","889","12752","12007","745","5.8","13036","12480","556","80972"
"8041","CO","El Paso County, CO","2","2","2","2","295570","281919","13651","297494","284858","12636","300206","283214","16992","300226","276585","23641","306308","277678","28630","307313","279601","27712","307258","280109","27149","308368","284014","24354","7.9","308020","289415","18605","57072"
"8043","CO","Fremont County, CO","4","5","4","5","19440","18362","1078","19646","18720","926","19738","18487","1251","19981","18279","1702","15825","13973","1852","15887","14008","1879","15601","13825","1776","14994","13416","1578","10.5","14641","13449","1192","41412"
"8045","CO","Garfield County, CO","5","9","5","8","33227","32244","983","34945","34088","857","36753","35610","1143","34688","32275","2413","31357","28115","3242","31341","28410","2931","31464","28842","2622","31047","28779","2268","7.3","31505","29871","1634","57364"
"8047","CO","Gilpin County, CO","1","1","1","1","3406","3269","137","3414","3295","119","3469","3323","146","3675","3453","222","3327","3060","267","3265","3034","231","3264","3052","212","3329","3131","198","5.9","3387","3239","148","64962"
"8049","CO","Grand County, CO","8","4","7","10","8773","8488","285","9158","8920","238","9147","8809","338","9052","8448","604","8950","8165","785","8793","8088","705","8750","8122","628","8810","8299","511","5.8","8934","8571","363","57312"
"8051","CO","Gunnison County, CO","7","11","7","11","9514","9215","299","9522","9254","268","9503","9162","341","9427","8915","512","10087","9439","648","9930","9337","593","9834","9253","581","9682","9154","528","5.5","9721","9325","396","48391"
"8053","CO","Hinsdale County, CO","9","12","9","12","618","599","19","608","591","17","643","622","21","665","644","21","470","443","27","473","449","24","437","416","21","434","414","20","4.6","444","427","17","52188"
"8055","CO","Huerfano County, CO","6","6","6","6","3371","3168","203","3353","3194","159","3435","3215","220","3489","3185","304","2705","2327","378","2655","2298","357","2629","2261","368","2549","2204","345","13.5","2437","2192","245","32418"
"8057","CO","Jackson County, CO","9","12","9","10","1108","1076","32","1103","1075","28","1082","1047","35","1293","1240","53","919","838","81","891","839","52","826","784","42","797","759","38","4.8","848","818","30","43549"
"8059","CO","Jefferson County, CO","1","1","1","1","304252","291546","12706","303357","292287","11070","307854","293431","14423","303936","282267","21669","304252","278790","25462","302281","278411","23870","304312","282094","22218","306629","287559","19070","6.2","311855","297657","14198","68161"
"8061","CO","Kiowa County, CO","9","12","9","12","888","858","30","911","887","24","849","818","31","1001","959","42","779","729","50","835","794","41","817","780","37","766","733","33","4.3","763","737","26","42378"
"8063","CO","Kit Carson County, CO","7","11","7","11","4485","4349","136","4475","4355","120","4348","4202","146","4860","4670","190","4389","4190","199","4264","4066","198","4230","4045","185","4100","3941","159","3.9","4373","4239","134","39633"
"8065","CO","Lake County, CO","7","8","6","4","4019","3849","170","4028","3884","144","4101","3913","188","3904","3570","334","4372","3891","481","4376","3937","439","4527","4137","390","4467","4141","326","7.3","4569","4349","220","47547"
"8067","CO","La Plata County, CO","6","5","4","5","30309","29290","1019","31007","30143","864","31427","30294","1133","31317","29632","1685","29874","27744","2130","29458","27414","2044","29665","27721","1944","29696","28014","1682","5.7","30136","28861","1275","58675"
"8069","CO","Larimer County, CO","2","2","2","2","169350","162695","6655","172024","166224","5800","175517","168090","7427","176900","165822","11078","170001","157025","12976","170830","158736","12094","172832","161451","11381","174944","164878","10066","5.8","177264","169686","7578","59337"
"8071","CO","Las Animas County, CO","7","11","7","11","8456","8114","342","8695","8381","314","8795","8399","396","8618","7917","701","7195","6432","763","6969","6210","759","6952","6133","819","6757","6014","743","11","6522","6024","498","38547"
"8073","CO","Lincoln County, CO","8","4","8","7","3059","2950","109","3014","2922","92","2890","2783","107","3108","2980","128","2153","2024","129","2192","2055","137","2157","2019","138","2114","1992","122","5.8","2144","2057","87","41510"
"8075","CO","Logan County, CO","7","8","7","8","11129","10745","384","11321","10975","346","11200","10767","433","12031","11434","597","11261","10551","710","11078","10390","688","11073","10415","658","10850","10297","553","5.1","11088","10667","421","43561"
"8077","CO","Mesa County, CO","3","2","3","2","74156","71219","2937","77873","75412","2461","81800","78618","3182","82067","75199","6868","76113","67776","8337","75397","67752","7645","74844","67748","7096","73731","67448","6283","8.5","73608","69068","4540","48108"
"8079","CO","Mineral County, CO","9","12","9","12","453","431","22","471","451","20","475","449","26","479","447","32","416","387","29","426","403","23","443","420","23","427","402","25","5.9","427","405","22","50286"
"8081","CO","Moffat County, CO","7","11","7","8","8350","8036","314","8521","8260","261","8726","8394","332","9077","8513","564","8078","7277","801","7852","7132","720","7731","7112","619","7559","7049","510","6.7","7353","6931","422","58890"
"8083","CO","Montezuma County, CO","6","6","6","6","13163","12582","581","13172","12664","508","12902","12228","674","13270","12297","973","13057","11867","1190","12976","11853","1123","12911","11825","1086","12765","11790","975","7.6","12711","11934","777","43655"
"8085","CO","Montrose County, CO","7","8","4","5","20286","19474","812","20744","20003","741","20767","19728","1039","21101","19391","1710","20624","18360","2264","19994","17808","2186","19824","17805","2019","19378","17562","1816","9.4","19393","18068","1325","43946"
"8087","CO","Morgan County, CO","6","3","6","3","14345","13789","556","14221","13746","475","14083","13485","598","15084","14272","812","14436","13423","1013","15034","14043","991","14977","13981","996","14726","13772","954","6.5","15010","14319","691","46332"
"8089","CO","Otero County, CO","6","6","6","6","9326","8761","565","8813","8374","439","8705","8189","516","9306","8670","636","8489","7710","779","8461","7630","831","8381","7546","835","8223","7437","786","9.6","8097","7482","615","36811"
"8091","CO","Ouray County, CO","9","10","9","10","3009","2915","94","3051","2962","89","3017","2906","111","2902","2739","163","2151","1940","211","2020","1818","202","2075","1892","183","2128","1976","152","7.1","2135","2018","117","58137"
"8093","CO","Park County, CO","1","1","1","1","9741","9357","384","9602","9256","346","9678","9217","461","9336","8687","649","9641","8856","785","9402","8685","717","9301","8670","631","9300","8735","565","6.1","9469","9030","439","57510"
"8095","CO","Phillips County, CO","9","10","9","10","2395","2314","81","2420","2354","66","2238","2162","76","2607","2514","93","2197","2081","116","2153","2039","114","2142","2033","109","2134","2037","97","4.5","2260","2185","75","46805"
"8097","CO","Pitkin County, CO","7","9","7","8","11262","10909","353","11271","10967","304","11570","11188","382","11141","10471","670","10879","10000","879","10920","10074","846","10909","10136","773","10829","10134","695","6.4","11030","10491","539","71012"
"8099","CO","Prowers County, CO","7","11","7","11","6938","6535","403","6790","6556","234","6529","6236","293","7008","6601","407","6166","5736","430","6238","5831","407","6095","5677","418","5883","5517","366","6.2","5783","5507","276","38830"
"8101","CO","Pueblo County, CO","3","2","3","2","70426","66466","3960","71808","68431","3377","73280","68823","4457","74643","68533","6110","74396","66667","7729","75041","67225","7816","74427","66590","7837","73641","66448","7193","9.8","73037","67679","5358","41352"
"8103","CO","Rio Blanco County, CO","9","12","9","10","4735","4607","128","5344","5234","110","5114","4981","133","4659","4432","227","3146","2866","280","3114","2875","239","3087","2836","251","3080","2845","235","7.6","2954","2782","172","59364"
"8105","CO","Rio Grande County, CO","7","11","7","11","6616","6309","307","6543","6284","259","6423","6060","363","6788","6375","413","5209","4655","554","5134","4519","615","5082","4485","597","4882","4335","547","11.2","4862","4423","439","39834"
"8107","CO","Routt County, CO","7","11","7","8","14986","14508","478","15692","15285","407","15589","15060","529","15238","14246","992","14541","13192","1349","14277","13114","1163","14371","13352","1019","14553","13700","853","5.9","14458","13852","606","63763"
"8109","CO","Saguache County, CO","9","12","9","12","3198","2999","199","3158","2993","165","3040","2821","219","3422","3147","275","3066","2755","311","3011","2680","331","3047","2719","328","2960","2633","327","11","3022","2761","261","35310"
"8111","CO","San Juan County, CO","9","10","9","10","551","524","27","563","540","23","568","536","32","556","515","41","505","442","63","520","461","59","534","483","51","478","438","40","8.4","473","448","25","41683"
"8113","CO","San Miguel County, CO","9","12","9","12","5445","5261","184","5652","5477","175","5519","5305","214","5220","4911","309","4892","4508","384","4881","4493","388","4854","4479","375","4797","4481","316","6.6","4922","4689","233","53674"
"8115","CO","Sedgwick County, CO","9","10","9","10","1628","1578","50","1826","1786","40","1533","1484","49","1719","1655","64","1101","1019","82","1095","1009","86","1116","1042","74","1094","1027","67","6.1","1091","1041","50","39980"
"8117","CO","Summit County, CO","7","8","5","8","16845","16324","521","17129","16663","466","16996","16359","637","16641","15631","1010","19126","17837","1289","19256","18007","1249","19342","18176","1166","19447","18471","976","5","20263","19580","683","63236"
"8119","CO","Teller County, CO","2","2","2","2","12800","12256","544","12415","11936","479","12279","11604","675","12099","11186","913","12354","11198","1156","12140","11027","1113","11903","10923","980","11760","10853","907","7.7","11724","11038","686","62725"
"8121","CO","Washington County, CO","9","10","9","10","2898","2798","100","2880","2803","77","2656","2570","86","2984","2865","119","2590","2437","153","2587","2448","139","2636","2509","127","2561","2444","117","4.6","2679","2593","86","45572"
"8123","CO","Weld County, CO","3","2","2","2","114953","109578","5375","117044","112271","4773","118948","112731","6217","120964","111070","9894","131910","119796","12114","134255","122763","11492","137013","126384","10629","139813","130578","9235","6.6","146103","139519","6584","58404"
"8125","CO","Yuma County, CO","7","11","7","11","6506","6336","170","6734","6591","143","6505","6331","174","7112","6877","235","4928","4651","277","4960","4702","258","4885","4638","247","4758","4534","224","4.7","5007","4840","167","45487"
"9000","CT","Connecticut",,,,,"1828651","1749191","79460","1856209","1773159","83050","1881454","1774681","106773","1891077","1740971","150106","1911712","1737449","174263","1913447","1744929","168518","1887861","1730415","157446","1869069","1724489","144580","7.7","1885126","1760421","124705","67262"
"9001","CT","Fairfield County, CT","2","2","2","2","459839","442204","17635","466532","448188","18344","471297","447013","24284","471953","436665","35288","474669","434845","39824","477888","438851","39037","474205","437315","36890","470777","436766","34011","7.2","475888","446528","29360","81816"
"9003","CT","Hartford County, CT","1","1","1","1","445627","424469","21158","452749","430746","22003","460358","432568","27790","464754","425976","38778","478509","432977","45532","478528","434688","43840","471825","430927","40898","467508","429973","37535","8","471431","439054","32377","63491"
"9005","CT","Litchfield County, CT","4","5","4","3","103802","99647","4155","104535","100133","4402","105675","100072","5603","105724","97384","8340","108137","98814","9323","107758","99089","8669","105941","98019","7922","104646","97393","7253","6.9","105945","99650","6295","70519"
"9007","CT","Middlesex County, CT","1","1","1","1","91260","87921","3339","93011","89397","3614","94548","89986","4562","95148","88811","6337","93062","85783","7279","93231","86274","6957","91691","85293","6398","90922","85037","5885","6.5","92018","86839","5179","75335"
"9009","CT","New Haven County, CT","2","2","2","2","437427","416565","20862","444223","422247","21976","449379","421335","28044","450853","412211","38642","462321","416076","46245","462313","417520","44793","456794","415427","41367","452247","414218","38029","8.4","455537","422625","32912","58672"
"9011","CT","New London County, CT","2","2","2","2","145569","139598","5971","147559","141400","6159","150194","142064","8130","150961","139704","11257","144532","131698","12834","143596","130958","12638","140186","128102","12084","137643","126654","10989","8","137254","128000","9254","62638"
"9013","CT","Tolland County, CT","1","1","1","1","82675","79562","3113","83967","80742","3225","85296","81192","4104","86559","80813","5746","86002","79359","6643","85801","79494","6307","84156","78193","5963","83140","77647","5493","6.6","84100","79365","4735","73660"
"9015","CT","Windham County, CT","4","5","2","2","62458","59229","3229","63624","60303","3321","64707","60450","4257","65133","59411","5722","64481","57898","6583","64334","58057","6277","63066","57139","5927","62186","56801","5385","8.7","62958","58361","4597","55948"
"10000","DE","Delaware",,,,,"441184","425399","15785","443573","428312","15261","447041","424914","22127","437500","401312","36188","434419","397869","36550","443220","409949","33271","445476","413336","32140","442490","412788","29702","6.7","451767","425913","25854","58244"
"10001","DE","Kent County, DE","3","2","3","2","74093","71705","2388","75038","72517","2521","75463","71760","3703","73786","67788","5998","72689","66228","6461","73994","67947","6047","74241","68361","5880","73739","68343","5396","7.3","75239","70459","4780","53811"
"10003","DE","New Castle County, DE","1","1","1","1","274789","264399","10390","275852","266221","9631","277739","264070","13669","271289","248704","22585","271492","249065","22427","277207","257077","20130","278202","258730","19472","276592","258553","18039","6.5","282787","267094","15693","63033"
"10005","DE","Sussex County, DE","4","5","2","2","92302","89295","3007","92683","89574","3109","93841","89085","4756","92424","84819","7605","90239","82577","7662","92020","84925","7095","93031","86244","6787","92159","85892","6267","6.8","93742","88360","5382","50207"
"11000","DC","District of Columbia",,,,,"316083","297786","18297","322237","304426","17811","330544","309192","21352","335672","304500","31172","346065","313508","32557","350842","315159","35683","365025","332013","33012","373495","341753","31742","8.5","377448","348049","29399","66326"
"11001","DC","District of Columbia","1","1","1","1","316083","297786","18297","322237","304426","17811","330544","309192","21352","335672","304500","31172","346065","313508","32557","350842","315159","35683","365025","332013","33012","373495","341753","31742","8.5","377448","348049","29399","66326"
"12000","FL","Florida",,,,,"9000204","8709522","290682","9157124","8789770","367354","9215524","8637164","578360","9094825","8148123","946702","9212066","8193659","1018407","9302491","8372024","930467","9395048","8595376","799672","9472960","8782803","690157","7.3","9637536","9034240","603296","46021"
"12001","FL","Alachua County, FL","3","2","2","2","125843","122471","3372","129010","125102","3908","131246","125425","5821","129815","120579","9236","128370","118072","10298","128970","119196","9774","130046","121408","8638","129626","122208","7418","5.7","130895","124110","6785","39614"
"12003","FL","Baker County, FL","1","1","1","1","11548","11219","329","11913","11477","436","12245","11531","714","12111","10887","1224","11552","10246","1306","11502","10328","1174","11348","10377","971","11280","10453","827","7.3","11385","10673","712","46505"
"12005","FL","Bay County, FL","3","2","3","2","85748","83077","2671","86754","83532","3222","88653","83626","5027","88810","80695","8115","86072","77054","9018","87171","78275","8896","86722","79228","7494","86530","80236","6294","7.3","87777","82282","5495","45249"
"12007","FL","Bradford County, FL","6","6","6","4","12191","11843","348","12341","11917","424","12475","11856","619","12473","11467","1006","11587","10444","1143","11533","10496","1037","11183","10343","840","10989","10306","683","6.2","10884","10279","605","40668"
"12009","FL","Brevard County, FL","2","2","2","2","265618","256936","8682","265782","254099","11683","268840","250742","18098","266755","238983","27772","265643","235757","29886","265889","236970","28919","263459","238665","24794","259536","238059","21477","8.3","260004","242013","17991","46677"
"12011","FL","Broward County, FL","1","1","1","1","983211","952640","30571","1000426","964482","35944","1006721","950763","55958","980551","891041","89510","936563","841473","95090","950924","861287","89637","963477","887033","76444","974778","909709","65069","6.7","994081","936010","58071","50343"
"12013","FL","Calhoun County, FL","6","7","6","6","5386","5216","170","5550","5345","205","5757","5439","318","5917","5413","504","5314","4777","537","5296","4757","539","5139","4681","458","4956","4581","375","7.6","4943","4603","340","33977"
"12015","FL","Charlotte County, FL","3","2","3","2","69533","67201","2332","69876","66269","3607","69531","63728","5803","68858","60681","8177","66293","57846","8447","65692","58281","7411","65893","59638","6255","66221","60974","5247","7.9","67003","62493","4510","43611"
"12017","FL","Citrus County, FL","4","5","3","2","54552","52465","2087","55641","52797","2844","56616","51889","4727","56762","49892","6870","52847","45594","7253","52045","45525","6520","51593","46019","5574","49439","44650","4789","9.7","48578","44470","4108","39285"
"12019","FL","Clay County, FL","1","1","1","1","91630","88878","2752","93804","90475","3329","95993","90706","5287","94785","85993","8792","95867","86356","9511","96158","87367","8791","96414","89028","7386","97127","90918","6209","6.4","98450","92823","5627","57991"
"12021","FL","Collier County, FL","2","2","2","2","152464","147706","4758","151925","145183","6742","148368","137814","10554","143337","127434","15903","145349","128427","16922","148771","133668","15103","152895","139925","12970","155910","144792","11118","7.1","161233","151727","9506","55584"
"12023","FL","Columbia County, FL","6","5","4","3","29805","28844","961","30955","29823","1132","31560","29763","1797","31597","28674","2923","28788","25669","3119","28454","25556","2898","28218","25764","2454","28138","26065","2073","7.4","28619","26764","1855","41722"
"12027","FL","DeSoto County, FL","6","5","6","5","14209","13691","518","14328","13620","708","14778","13758","1020","14967","13458","1509","13081","11481","1600","14044","12611","1433","13065","11785","1280","13241","12171","1070","8.1","13011","12087","924","33198"
"12029","FL","Dixie County, FL","6","7","6","7","5698","5499","199","5535","5290","245","5496","5080","416","5582","4944","638","5749","5008","741","5733","5025","708","5782","5185","597","5774","5273","501","8.7","5621","5202","419","31649"
"12031","FL","Duval County, FL","1","1","1","1","432151","416893","15258","441216","422676","18540","446829","418438","28391","441641","395185","46456","454798","403171","51627","456387","409366","47021","456857","416799","40058","458691","423837","34854","7.6","463985","432916","31069","47876"
"12033","FL","Escambia County, FL","2","2","2","2","138216","133846","4370","140808","135212","5596","138002","129494","8508","137044","123507","13537","139913","125755","14158","140969","127279","13690","140139","128293","11846","139701","129512","10189","7.3","141015","132067","8948","42742"
"12035","FL","Flagler County, FL","4","5","2","2","30723","29335","1388","30928","28887","2041","31935","28769","3166","32733","27910","4823","41338","36208","5130","41930","37150","4780","42190","38009","4181","44111","40396","3715","8.4","43115","39887","3228","47872"
"12037","FL","Franklin County, FL","6","7","6","6","5054","4903","151","4922","4763","159","4817","4582","235","4919","4555","364","4936","4543","393","5125","4739","386","5038","4709","329","5004","4725","279","5.6","5038","4761","277","33471"
"12039","FL","Gadsden County, FL","2","2","2","2","21029","20303","726","20770","19853","917","21106","19783","1323","21270","19147","2123","20080","17714","2366","19601","17334","2267","18895","16957","1938","18857","17162","1695","9","19039","17517","1522","34348"
"12041","FL","Gilchrist County, FL","3","2","2","2","7728","7505","223","7613","7318","295","7828","7373","455","7712","6993","719","6874","6132","742","6851","6148","703","6714","6110","604","6620","6111","509","7.7","6707","6268","439","39854"
"12043","FL","Glades County, FL","6","4","6","4","4691","4509","182","4789","4559","230","4675","4345","330","4843","4394","449","5544","5017","527","5362","4852","510","5747","5302","445","5534","5114","420","7.6","5303","4922","381","39003"
"12045","FL","Gulf County, FL","6","6","3","2","6419","6221","198","6269","6027","242","6368","5957","411","6361","5753","608","6232","5591","641","6239","5635","604","6099","5600","499","6179","5754","425","6.9","6309","5930","379","38880"
"12047","FL","Hamilton County, FL","6","7","6","6","4641","4463","178","4627","4411","216","4791","4441","350","4848","4306","542","4808","4258","550","4911","4400","511","5200","4737","463","4671","4263","408","8.7","4612","4250","362","33836"
"12049","FL","Hardee County, FL","6","5","6","3","11982","11506","476","11858","11313","545","11758","10952","806","11962","10701","1261","11764","10410","1354","12067","10867","1200","11942","10882","1060","11161","10238","923","8.3","10377","9577","800","34884"
"12051","FL","Hendry County, FL","4","5","4","3","17698","16578","1120","18008","16654","1354","17565","15619","1946","17192","14744","2448","18361","15786","2575","17967","15474","2493","17042","14856","2186","16715","14716","1999","12","16851","15069","1782","37085"
"12053","FL","Hernando County, FL","1","1","1","1","59884","57191","2693","61681","58059","3622","63163","57578","5585","62318","54056","8262","66470","57464","9006","66187","57901","8286","66347","59301","7046","66450","60468","5982","9","67159","61880","5279","39280"
"12055","FL","Highlands County, FL","4","5","3","2","40797","39270","1527","40249","38284","1965","40939","37916","3023","40483","36113","4370","37247","32587","4660","38130","33758","4372","37392","33553","3839","36150","32735","3415","9.4","36531","33547","2984","34054"
"12057","FL","Hillsborough County, FL","1","1","1","1","585548","566146","19402","595244","570539","24705","599256","560054","39202","596872","533687","63185","645687","576400","69287","661401","597869","63532","669355","615948","53407","675299","629982","45317","6.7","684400","644436","39964","49510"
"12059","FL","Holmes County, FL","6","6","6","6","8625","8362","263","8769","8455","314","8999","8531","468","8884","8173","711","7190","6445","745","7218","6520","698","7149","6530","619","7004","6472","532","7.6","6960","6485","475","33220"
"12061","FL","Indian River County, FL","3","2","3","2","61703","59163","2540","62723","59155","3568","62940","57748","5192","62299","54261","8038","61384","52848","8536","61926","54072","7854","62066","55233","6833","61594","55645","5949","9.7","62028","57176","4852","44326"
"12063","FL","Jackson County, FL","6","6","6","6","21288","20527","761","21538","20679","859","22155","20973","1182","21958","20328","1630","18938","17214","1724","18858","17140","1718","18447","16908","1539","18167","16878","1289","7.1","17948","16801","1147","36332"
"12065","FL","Jefferson County, FL","2","2","2","2","7066","6863","203","6749","6519","230","6844","6491","353","6578","6042","536","6042","5443","599","5911","5320","591","5499","4998","501","5457","5052","405","7.4","5535","5177","358","39494"
"12067","FL","Lafayette County, FL","8","7","9","12","2850","2771","79","2921","2833","88","2978","2839","139","3074","2844","230","3404","3156","248","3655","3424","231","3505","3301","204","3519","3335","184","5.2","3396","3219","177","37120"
"12069","FL","Lake County, FL","1","1","1","1","126341","122105","4236","132744","127162","5582","136844","127816","9028","135874","120749","15125","134021","118246","15775","133858","119616","14242","134196","122238","11958","135812","125613","10199","7.5","139296","130439","8857","44244"
"12071","FL","Lee County, FL","2","2","2","2","287157","278772","8385","290882","277066","13816","286092","262214","23878","278817","244526","34291","283236","247790","35446","286992","255767","31225","292600","266612","25988","299698","277718","21980","7.3","311695","293078","18617","46605"
"12073","FL","Leon County, FL","2","2","2","2","140574","136722","3852","144890","140326","4564","147218","140372","6846","147363","136962","10401","149972","138074","11898","149922","138257","11665","149460","138943","10517","148512","139427","9085","6.1","150980","142641","8339","46975"
"12075","FL","Levy County, FL","8","7","6","6","16500","15917","583","16793","16072","721","16891","15666","1225","16742","14824","1918","17327","15262","2065","17157","15305","1852","16842","15274","1568","16446","15100","1346","8.2","16410","15279","1131","33193"
"12077","FL","Liberty County, FL","8","7","8","7","3537","3444","93","3667","3563","104","3851","3683","168","3867","3644","223","2933","2676","257","2873","2610","263","2775","2557","218","2836","2647","189","6.7","2802","2621","181","36561"
"12079","FL","Madison County, FL","6","6","6","6","7339","6960","379","6954","6526","428","7034","6530","504","7140","6378","762","7946","7148","798","7912","7133","779","7869","7170","699","7758","7122","636","8.2","7768","7193","575","30391"
"12081","FL","Manatee County, FL","2","2","2","2","149208","144644","4564","147550","141381","6169","144269","133932","10337","142403","125901","16502","147572","130750","16822","148178","133323","14855","150966","138549","12417","155744","145119","10625","6.8","160590","151377","9213","48066"
"12083","FL","Marion County, FL","2","2","2","2","134179","129573","4606","137247","130851","6396","138375","127220","11155","135282","118007","17275","132351","114297","18054","131001","114852","16149","130556","117173","13383","131256","120018","11238","8.6","132815","123146","9669","38783"
"12085","FL","Martin County, FL","2","2","2","2","65247","62964","2283","64940","62057","2883","63675","59125","4550","62927","56024","6903","66636","59472","7164","66810","60180","6630","67234","61586","5648","67675","62714","4961","7.3","69303","65061","4242","51159"
"12086","FL","Miami-Dade County, FL","1","1","1","1","1192179","1159006","33173","1226005","1188136","37869","1228554","1169367","59187","1209622","1083804","125818","1225397","1089226","136171","1255524","1136962","118562","1285446","1178137","107309","1292216","1194492","97724","7.6","1320447","1230641","89806","41840"
"12087","FL","Monroe County, FL","4","3","4","3","44497","43396","1101","44757","43532","1225","46650","44710","1940","45385","42279","3106","42182","38904","3278","42788","39839","2949","43945","41488","2457","44639","42501","2138","4.8","45263","43386","1877","50380"
"12089","FL","Nassau County, FL","1","1","1","1","34093","33111","982","35191","33994","1197","36276","34261","2015","35920","32469","3451","35799","31995","3804","36007","32541","3466","35945","33068","2877","36192","33789","2403","6.6","36634","34499","2135","56987"
"12091","FL","Okaloosa County, FL","3","2","3","2","98731","96352","2379","97527","94552","2975","96861","92269","4592","96418","89500","6918","89046","81547","7499","90882","83767","7115","91508","85335","6173","92310","87017","5293","5.7","93119","88346","4773","54265"
"12093","FL","Okeechobee County, FL","4","5","4","3","17473","16748","725","17537","16608","929","17662","16183","1479","18199","16040","2159","18103","15816","2287","18077","15949","2128","18394","16564","1830","18274","16684","1590","8.7","18062","16750","1312","35954"
"12095","FL","Orange County, FL","1","1","1","1","575327","557220","18107","594761","571946","22815","603287","566854","36433","596021","533867","62154","635299","566478","68821","642000","578983","63017","654640","600422","54218","664710","618999","45711","6.9","681733","642229","39504","46675"
"12097","FL","Osceola County, FL","1","1","1","1","124996","120750","4246","132902","127164","5738","138080","129094","8986","138807","123212","15595","137372","120253","17119","140252","124412","15840","143664","130016","13648","148142","136384","11758","7.9","151665","141532","10133","41592"
"12099","FL","Palm Beach County, FL","1","1","1","1","619269","596415","22854","626062","598221","27841","628411","585947","42464","615500","549671","65829","645737","574890","70847","652630","586902","65728","661450","604723","56727","674062","625188","48874","7.3","688244","647646","40598","51768"
"12101","FL","Pasco County, FL","1","1","1","1","187047","179799","7248","193243","183551","9692","197619","182473","15146","195279","172016","23263","207364","182593","24771","206723","184270","22453","209009","189888","19121","211028","194527","16501","7.8","213279","198975","14304","45454"
"12103","FL","Pinellas County, FL","1","1","1","1","453148","437883","15265","450329","431617","18712","447744","418214","29530","440723","393139","47584","465178","414856","50322","463904","418773","45131","467623","430005","37618","471592","439628","31964","6.8","477751","449984","27767","43773"
"12105","FL","Polk County, FL","2","2","2","2","264259","254605","9654","268193","255915","12278","273427","254490","18937","273152","242326","30826","278479","244668","33811","276852","245627","31225","277340","250530","26810","279242","256158","23084","8.3","281330","261348","19982","42447"
"12107","FL","Putnam County, FL","4","3","4","3","31781","30597","1184","31945","30420","1525","32057","29618","2439","32311","28514","3797","30518","26434","4084","30148","26335","3813","29148","25712","3436","28484","25535","2949","10.4","28321","25857","2464","32852"
"12109","FL","St. Johns County, FL","1","1","1","1","88575","86169","2406","92427","89382","3045","96362","91366","4996","96570","88459","8111","99104","90440","8664","101392","93509","7883","104147","97283","6864","107554","101682","5872","5.5","109004","103866","5138","66312"
"12111","FL","St. Lucie County, FL","2","2","2","2","119477","114472","5005","123851","116666","7185","124487","113354","11133","123665","107098","16567","128690","110976","17714","128642","112421","16221","129203","115000","14203","129427","116502","12925","10","131012","120555","10457","42825"
"12113","FL","Santa Rosa County, FL","2","2","2","2","69789","67688","2101","69649","67061","2588","70359","66289","4070","70216","63859","6357","71333","64713","6620","72769","66477","6292","72902","67374","5528","73444","68684","4760","6.5","74167","70134","4033","54876"
"12115","FL","Sarasota County, FL","2","2","2","2","172810","167383","5427","171609","163784","7825","167160","154823","12337","161799","143465","18334","167222","147825","19397","166857","149727","17130","168184","153902","14282","171121","159040","12081","7.1","176427","166150","10277","48717"
"12117","FL","Seminole County, FL","1","1","1","1","234285","227390","6895","238644","229929","8715","241178","227205","13973","235674","212497","23177","230697","206168","24529","230556","208350","22206","231294","212522","18772","233310","217733","15577","6.7","239413","225966","13447","55195"
"12119","FL","Sumter County, FL","4","3","3","2","29768","28936","832","31509","30390","1119","30934","29145","1789","31877","28967","2910","25310","21955","3355","26010","22866","3144","26809","24035","2774","27502","25054","2448","8.9","28306","26120","2186","52670"
"12121","FL","Suwannee County, FL","6","6","6","6","16956","16405","551","17350","16707","643","17008","15979","1029","17450","15765","1685","19153","17267","1886","19122","17372","1750","18596","17115","1481","18273","17018","1255","6.9","18251","17125","1126","35666"
"12123","FL","Taylor County, FL","6","6","6","6","8755","8408","347","8814","8431","383","9139","8525","614","9167","8181","986","9473","8471","1002","9523","8569","954","9561","8708","853","9609","8855","754","7.8","9394","8732","662","38370"
"12125","FL","Union County, FL","6","7","6","4","5122","4987","135","5136","4973","163","5309","5045","264","5388","4982","406","5479","5013","466","5320","4896","424","5092","4723","369","5003","4687","316","6.3","4730","4444","286","40841"
"12127","FL","Volusia County, FL","2","2","2","2","250088","241875","8213","252491","241896","10595","254567","237301","17266","252474","225174","27300","238183","208987","29196","237659","211034","26625","237316","214941","22375","235657","216621","19036","8.1","239225","223228","15997","40908"
"12129","FL","Wakulla County, FL","2","2","2","2","15450","15067","383","15109","14650","459","15916","15178","738","16732","15569","1163","14589","13368","1221","14594","13392","1202","14129","13096","1033","14102","13257","845","6","14266","13522","744","47430"
"12131","FL","Walton County, FL","6","6","3","2","31122","30441","681","31252","30380","872","31129","29684","1445","30837","28499","2338","25984","23547","2437","26259","24039","2220","26245","24367","1878","26995","25363","1632","6","27226","25795","1431","45357"
"12133","FL","Washington County, FL","6","6","6","6","9598","9279","319","9652","9259","393","9881","9234","647","9920","8922","998","10298","9210","1088","10426","9380","1046","10114","9217","897","9914","9142","772","7.8","9824","9161","663","35671"
"13000","GA","Georgia",,,,,"4710775","4489128","221647","4815818","4597640","218178","4879253","4575010","304243","4787749","4311854","475895","4696676","4202052","494624","4748579","4262403","486176","4783313","4344683","438630","4758725","4367926","390799","8.2","4756708","4414343","342365","47765"
"13001","GA","Appling County, GA","7","9","7","9","8834","8344","490","9079","8599","480","9354","8701","653","9455","8500","955","8746","7710","1036","8869","7776","1093","8967","7968","999","8675","7744","931","10.7","8679","7903","776","36915"
"13003","GA","Atkinson County, GA","9","8","9","10","3376","3195","181","3390","3198","192","3388","3106","282","3289","2797","492","3451","2925","526","3495","3046","449","3444","3046","398","3490","3161","329","9.4","3628","3347","281","30883"
"13005","GA","Bacon County, GA","7","9","7","9","4789","4570","219","4738","4511","227","4794","4495","299","4643","4207","436","4542","4059","483","4508","4034","474","4555","4113","442","4629","4238","391","8.4","4854","4516","338","33781"
"13007","GA","Baker County, GA","3","2","3","2","1781","1691","90","1657","1574","83","1677","1570","107","1586","1439","147","1232","1083","149","1171","1036","135","1170","1042","128","1126","1011","115","10.2","1139","1038","101","37135"
"13009","GA","Baldwin County, GA","4","5","4","5","20941","19804","1137","20745","19590","1155","21101","19445","1656","20401","17868","2533","19192","16243","2949","18621","16051","2570","18870","16676","2194","18546","16655","1891","10.2","18366","16730","1636","35815"
"13011","GA","Banks County, GA","8","7","8","6","9592","9283","309","10601","10283","318","11055","10556","499","10552","9747","805","8457","7640","817","8495","7718","777","8575","7879","696","7981","7368","613","7.7","8100","7562","538","42495"
"13013","GA","Barrow County, GA","1","1","1","1","32009","30653","1356","33863","32447","1416","35332","33103","2229","35215","31479","3736","34670","30939","3731","34613","31167","3446","34524","31556","2968","34683","32129","2554","7.4","34873","32667","2206","54668"
"13015","GA","Bartow County, GA","1","1","1","1","44896","42696","2200","45865","43620","2245","46936","43592","3344","46443","40810","5633","47837","42007","5830","47725","42270","5455","47341","42683","4658","47030","42992","4038","8.6","47108","43736","3372","46330"
"13017","GA","Ben Hill County, GA","7","8","7","8","8237","7770","467","7891","7348","543","7536","6719","817","7286","6148","1138","6516","5481","1035","6256","5278","978","6179","5316","863","5783","5057","726","12.6","5624","5045","579","30090"
"13019","GA","Berrien County, GA","6","6","6","6","8936","8566","370","8801","8419","382","8665","8061","604","8211","7140","1071","7990","6951","1039","7870","6885","985","7854","7048","806","7415","6705","710","9.6","7160","6515","645","37903"
"13021","GA","Bibb County, GA","3","2","3","2","73392","69204","4188","73788","69952","3836","75685","70795","4890","74638","67382","7256","70225","62053","8172","71226","63022","8204","71638","64125","7513","69881","63430","6451","9.2","69480","63881","5599","36816"
"13023","GA","Bleckley County, GA","6","6","6","6","5153","4851","302","5364","5084","280","5406","5013","393","5451","4908","543","5474","4792","682","5493","4758","735","5278","4613","665","4792","4120","672","14","4599","4073","526","40369"
"13025","GA","Brantley County, GA","3","2","3","2","7650","7291","359","7559","7220","339","7677","7186","491","7545","6723","822","7468","6516","952","7461","6479","982","7431","6540","891","7039","6289","750","10.7","6938","6297","641","36758"
"13027","GA","Brooks County, GA","3","2","3","2","8525","8174","351","8407","8047","360","8406","7927","479","8022","7334","688","7309","6605","704","7065","6358","707","6803","6179","624","6680","6127","553","8.3","6754","6255","499","34367"
"13029","GA","Bryan County, GA","2","2","2","2","16108","15539","569","16623","16054","569","17096","16255","841","16983","15653","1330","14455","13070","1385","14714","13341","1373","15127","13886","1241","15412","14275","1137","7.4","15480","14475","1005","66066"
"13031","GA","Bulloch County, GA","4","5","4","5","31426","30076","1350","32393","30994","1399","33157","31140","2017","32964","29867","3097","33132","29802","3330","33503","29972","3531","33906","30578","3328","34212","31220","2992","8.7","34379","31820","2559","36484"
"13033","GA","Burke County, GA","2","2","2","2","9863","9201","662","9979","9208","771","10002","9133","869","9939","8759","1180","9791","8601","1190","9948","8688","1260","9702","8510","1192","9492","8351","1141","12","9363","8414","949","32675"
"13035","GA","Butts County, GA","1","1","1","1","10047","9506","541","10151","9628","523","10456","9674","782","10144","8923","1221","10491","9288","1203","10461","9268","1193","10373","9303","1070","10208","9253","955","9.4","10187","9414","773","43330"
"13037","GA","Calhoun County, GA","8","7","8","7","2427","2282","145","2175","2032","143","2407","2214","193","2343","2080","263","2620","2390","230","2524","2309","215","2379","2188","191","2119","1935","184","8.7","2142","1983","159","30727"
"13039","GA","Camden County, GA","4","3","4","3","20884","20024","860","21609","20742","867","21373","20178","1195","20757","18902","1855","20695","18643","2052","21155","19128","2027","21869","19987","1882","21603","19911","1692","7.8","21740","20255","1485","49098"
"13043","GA","Candler County, GA","7","9","7","9","4595","4401","194","4418","4223","195","4348","4075","273","4341","3938","403","4917","4482","435","5035","4548","487","5190","4733","457","5117","4687","430","8.4","5049","4685","364","31427"
"13045","GA","Carroll County, GA","1","1","1","1","50874","48381","2493","53240","50688","2552","53935","50314","3621","52693","46910","5783","51817","45762","6055","51922","46011","5911","51960","46639","5321","51877","46883","4994","9.6","51954","47698","4256","45493"
"13047","GA","Catoosa County, GA","2","2","2","2","36037","34649","1388","35453","34177","1276","35778","33948","1830","34611","31689","2922","31351","28665","2686","32058","29426","2632","32224","29817","2407","31651","29514","2137","6.8","31056","29124","1932","50847"
"13049","GA","Charlton County, GA","6","4","6","4","4574","4365","209","4595","4377","218","4587","4278","309","4472","3983","489","4797","4288","509","4970","4437","533","4981","4511","470","4929","4505","424","8.6","4841","4465","376","35165"
"13051","GA","Chatham County, GA","2","2","2","2","127947","122727","5220","133680","128394","5286","134606","127004","7602","131170","119831","11339","127323","114777","12546","129562","116625","12937","131755","119704","12051","131237","120542","10695","8.1","131738","122144","9594","45254"
"13053","GA","Chattahoochee County, GA","2","2","2","2","2508","2264","244","1704","1543","161","2558","2246","312","2621","2232","389","2218","1976","242","2371","2095","276","2602","2295","307","2469","2191","278","11.3","2417","2179","238","46893"
"13055","GA","Chattooga County, GA","6","5","6","5","10866","10323","543","10922","10279","643","11279","10172","1107","10773","9339","1434","10671","9425","1246","10579","9409","1170","10636","9545","1091","10547","9592","955","9.1","10482","9658","824","34440"
"13057","GA","Cherokee County, GA","1","1","1","1","104485","100633","3852","109716","105748","3968","112409","106486","5923","110242","100467","9775","112578","102687","9891","113827","104520","9307","114961","106812","8149","115756","108607","7149","6.2","116873","110370","6503","67686"
"13059","GA","Clarke County, GA","3","2","3","2","62595","59905","2690","64398","61911","2487","66162","62795","3367","64085","59216","4869","56637","51361","5276","57139","51845","5294","58028","53040","4988","57809","53373","4436","7.7","57688","53703","3985","32864"
"13061","GA","Clay County, GA","9","12","9","12","1547","1480","67","1476","1394","82","1477","1370","107","1414","1293","121","1101","973","128","1064","935","129","1004","882","122","952","846","106","11.1","916","815","101","27102"
"13063","GA","Clayton County, GA","1","1","1","1","135385","127426","7959","136206","128444","7762","136611","126243","10368","133143","117459","15684","125156","108243","16913","127005","109925","17080","127585","112211","15374","125117","111588","13529","10.8","125119","113422","11697","40606"
"13065","GA","Clinch County, GA","6","6","6","7","2778","2640","138","2763","2616","147","2798","2597","201","2789","2482","307","2900","2579","321","2890","2572","318","2916","2632","284","2836","2572","264","9.3","2791","2547","244","30094"
"13067","GA","Cobb County, GA","1","1","1","1","372993","357118","15875","380566","365319","15247","381680","360319","21361","374868","340632","34236","380297","344871","35426","384888","350650","34238","388568","358366","30202","389265","362911","26354","6.8","392464","368773","23691","62866"
"13069","GA","Coffee County, GA","7","8","7","8","16837","15937","900","16522","15547","975","16729","15348","1381","16376","13854","2522","17202","14484","2718","17608","15333","2275","17466","15470","1996","17528","15778","1750","10","17503","16018","1485","33615"
"13071","GA","Colquitt County, GA","6","5","6","5","20614","19740","874","20474","19561","913","20769","19522","1247","20475","18610","1865","21316","19247","2069","21241","19213","2028","20997","19146","1851","20358","18552","1806","8.9","20384","18704","1680","33095"
"13073","GA","Columbia County, GA","2","2","2","2","58260","55871","2389","59917","57652","2265","60937","58040","2897","60883","56676","4207","61522","57027","4495","63317","58655","4662","64652","60141","4511","65600","61339","4261","6.5","65341","61481","3860","72531"
"13075","GA","Cook County, GA","6","6","6","6","7120","6740","380","7134","6731","403","7252","6691","561","6967","6077","890","7885","6966","919","7605","6744","861","7532","6816","716","7449","6805","644","8.6","7404","6780","624","32327"
"13077","GA","Coweta County, GA","1","1","1","1","57736","55317","2419","59681","57316","2365","61411","57904","3507","61330","55295","6035","64319","58095","6224","65012","59111","5901","65452","60224","5228","65874","61238","4636","7","66404","62258","4146","61469"
"13079","GA","Crawford County, GA","3","2","3","2","6243","5924","319","6124","5837","287","6278","5900","378","6075","5465","610","5769","5109","660","5807","5180","627","5822","5254","568","5686","5187","499","8.8","5673","5248","425","43392"
"13081","GA","Crisp County, GA","6","5","6","5","10353","9751","602","10625","10011","614","10223","9437","786","9765","8574","1191","9208","7901","1307","9206","7922","1284","9172","8023","1149","9687","8597","1090","11.3","9450","8580","870","30481"
"13083","GA","Dade County, GA","2","2","2","2","8652","8291","361","8436","8080","356","8451","7972","479","8146","7294","852","8348","7624","724","8364","7695","669","8381","7741","640","8132","7548","584","7.2","7998","7478","520","43446"
"13085","GA","Dawson County, GA","1","1","1","1","10634","10230","404","11103","10693","410","11376","10707","669","11256","10134","1122","10966","9771","1195","10877","9777","1100","10833","9920","913","10771","9990","781","7.3","10832","10171","661","52804"
"13087","GA","Decatur County, GA","6","5","6","5","12018","11330","688","11769","11062","707","12114","11190","924","11912","10404","1508","12446","10897","1549","12070","10617","1453","12240","10998","1242","11587","10480","1107","9.6","11415","10464","951","34102"
"13089","GA","DeKalb County, GA","1","1","1","1","386291","366471","19820","393836","374934","18902","392969","367914","25055","381335","343126","38209","363001","323687","39314","366588","327867","38721","369831","335056","34775","368790","337716","31074","8.4","370122","343108","27014","49894"
"13091","GA","Dodge County, GA","7","9","6","6","9550","9079","471","9524","9051","473","9419","8788","631","9079","8104","975","8361","7271","1090","8292","7272","1020","8148","7207","941","7794","6899","895","11.5","7537","6782","755","33893"
"13093","GA","Dooly County, GA","6","6","6","6","4861","4591","270","4927","4668","259","4805","4482","323","4836","4356","480","4960","4386","574","4790","4163","627","4811","4257","554","4520","3997","523","11.6","4655","4201","454","31620"
"13095","GA","Dougherty County, GA","3","2","3","2","41454","38964","2490","42009","39662","2347","42288","39348","2940","42209","37762","4447","41490","36281","5209","41238","36227","5011","40855","36260","4595","39744","35623","4121","10.4","38774","35144","3630","31575"
"13097","GA","Douglas County, GA","1","1","1","1","62225","59106","3119","64829","61815","3014","66368","62091","4277","65190","58135","7055","66575","59108","7467","66993","59694","7299","66925","60500","6425","67336","61547","5789","8.6","67568","62535","5033","51941"
"13099","GA","Early County, GA","6","6","6","6","5691","5404","287","5334","5037","297","5524","5157","367","5517","4937","580","4478","3953","525","4445","3937","508","4479","4030","449","4360","3976","384","8.8","4271","3886","385","32357"
"13101","GA","Echols County, GA","3","2","3","2","2370","2296","74","2251","2182","69","2217","2122","95","2204","2045","159","1876","1722","154","1879","1727","152","1805","1672","133","1781","1668","113","6.3","1826","1719","107","34809"
"13103","GA","Effingham County, GA","2","2","2","2","27084","26165","919","28501","27560","941","29084","27683","1401","28603","26247","2356","25777","23310","2467","25621","23246","2375","25914","23768","2146","26165","24312","1853","7.1","26275","24643","1632","61062"
"13105","GA","Elbert County, GA","6","6","6","6","9987","9343","644","9862","9303","559","10087","9246","841","10045","8816","1229","8934","7605","1329","8798","7376","1422","8552","7475","1077","8375","7466","909","10.9","8140","7429","711","34487"
"13107","GA","Emanuel County, GA","7","9","7","9","10802","10251","551","10829","10271","558","10803","10007","796","10568","9438","1130","9118","7946","1172","9160","7943","1217","9080","7960","1120","8852","7740","1112","12.6","8557","7640","917","30348"
"13109","GA","Evans County, GA","6","7","6","6","4930","4709","221","4985","4771","214","5023","4707","316","4958","4524","434","4769","4336","433","4808","4369","439","4798","4389","409","4727","4369","358","7.6","4715","4406","309","32838"
"13111","GA","Fannin County, GA","8","4","8","4","10769","10338","431","11000","10588","412","10959","10275","684","10811","9676","1135","10271","9070","1201","10271","9111","1160","10006","8988","1018","9761","8887","874","9","9760","9003","757","35673"
"13113","GA","Fayette County, GA","1","1","1","1","53673","51536","2137","53556","51506","2050","53285","50498","2787","51081","46776","4305","52927","48564","4363","53224","48949","4275","53469","49419","4050","53489","49844","3645","6.8","53998","50652","3346","81368"
"13115","GA","Floyd County, GA","3","2","3","2","49315","47104","2211","49791","47450","2341","50328","47077","3251","49526","44302","5224","45087","39750","5337","44844","39431","5413","44758","39882","4876","43784","39629","4155","9.5","43404","39963","3441","39381"
"13117","GA","Forsyth County, GA","1","1","1","1","79777","77107","2670","84302","81520","2782","88509","84270","4239","87995","80815","7180","88343","81251","7092","91061","84296","6765","93689","87473","6216","96552","90850","5702","5.9","97533","92362","5171","87565"
"13119","GA","Franklin County, GA","8","7","8","6","10724","10183","541","10448","9938","510","10465","9734","731","10261","9042","1219","9698","8468","1230","9748","8564","1184","9531","8459","1072","9346","8423","923","9.9","9223","8459","764","40114"
"13121","GA","Fulton County, GA","1","1","1","1","472127","448380","23747","488891","465409","23482","497388","465380","32008","486983","437746","49237","485002","434315","50687","498945","447939","51006","510964","464310","46654","508873","467366","41507","8.2","511786","474995","36791","55474"
"13123","GA","Gilmer County, GA","6","4","6","4","14153","13641","512","14221","13715","506","14116","13289","827","13620","12206","1414","12811","11366","1445","12371","10914","1457","12146","10866","1280","11913","10841","1072","9","11909","11029","880","39323"
"13125","GA","Glascock County, GA","9","12","9","12","1216","1154","62","1119","1062","57","1130","1053","77","1133","1004","129","1324","1178","146","1337","1193","144","1323","1193","130","1294","1168","126","9.7","1274","1167","107","37955"
"13127","GA","Glynn County, GA","3","2","3","2","39804","38239","1565","40736","39275","1461","41495","39401","2094","40419","37002","3417","38340","34508","3832","38255","34260","3995","38768","35087","3681","38093","34834","3259","8.6","37373","34545","2828","43533"
"13129","GA","Gordon County, GA","6","5","4","3","27073","25891","1182","26858","25598","1260","26642","24669","1973","25498","22190","3308","26068","22749","3319","26270","23193","3077","26828","24197","2631","26222","23884","2338","8.9","26047","24110","1937","42291"
"13131","GA","Grady County, GA","6","6","6","6","12265","11775","490","12272","11779","493","11997","11278","719","11764","10622","1142","10399","9309","1090","10843","9815","1028","10813","9894","919","10471","9676","795","7.6","10420","9648","772","35212"
"13133","GA","Greene County, GA","6","6","6","4","6953","6553","400","7458","7061","397","7624","7107","517","7588","6727","861","6412","5567","845","6376","5591","785","6408","5704","704","6350","5724","626","9.9","6367","5839","528","42842"
"13135","GA","Gwinnett County, GA","1","1","1","1","409907","392746","17161","421203","404504","16699","425860","402076","23784","417641","380094","37547","418368","379794","38574","427149","389853","37296","433794","400145","33649","438643","408277","30366","6.9","442046","414891","27155","59081"
"13137","GA","Habersham County, GA","6","5","6","5","19768","18974","794","20218","19416","802","20854","19664","1190","20243","18218","2025","18347","16390","1957","18328","16407","1921","18396","16660","1736","19308","17775","1533","7.9","18876","17558","1318","40530"
"13139","GA","Hall County, GA","3","2","3","2","86454","83160","3294","90768","87514","3254","93111","88082","5029","89690","81284","8406","86546","78205","8341","87687","79935","7752","89034","82116","6918","89517","83396","6121","6.8","90087","84749","5338","46986"
"13141","GA","Hancock County, GA","7","8","7","8","3442","3149","293","3304","3027","277","3361","2924","437","3290","2645","645","3104","2393","711","2962","2374","588","2757","2288","469","2646","2254","392","14.8","2613","2301","312","26281"
"13143","GA","Haralson County, GA","1","1","1","1","12782","12173","609","12872","12270","602","12951","12102","849","12665","11142","1523","12385","10866","1519","12251","10831","1420","12084","10854","1230","11962","10863","1099","9.2","11977","11043","934","39548"
"13145","GA","Harris County, GA","2","2","2","2","15709","15113","596","16064","15490","574","16428","15658","770","16406","15215","1191","16415","15149","1266","16397","15181","1216","16258","15090","1168","15822","14781","1041","6.6","15615","14661","954","60977"
"13147","GA","Hart County, GA","6","6","6","6","10943","10239","704","10834","10132","702","10704","9764","940","10458","9051","1407","10959","9697","1262","11148","9896","1252","10821","9702","1119","10512","9537","975","9.3","10314","9513","801","40225"
"13149","GA","Heard County, GA","1","1","1","1","4913","4671","242","4900","4656","244","4962","4587","375","4893","4255","638","5249","4615","634","5170","4583","587","5119","4589","530","5013","4540","473","9.4","5023","4625","398","40123"
"13151","GA","Henry County, GA","1","1","1","1","92567","88332","4235","96909","92705","4204","99348","93281","6067","97375","87884","9491","101141","90686","10455","102649","92065","10584","103111","93440","9671","103433","94731","8702","8.4","103815","96265","7550","60087"
"13153","GA","Houston County, GA","3","2","3","2","66050","63249","2801","68319","65683","2636","69986","66343","3643","70793","65701","5092","67099","61422","5677","68330","62498","5832","68674","63162","5512","67447","62411","5036","7.5","66049","61502","4547","52297"
"13155","GA","Irwin County, GA","7","8","7","9","4723","4486","237","4307","4048","259","4236","3816","420","4070","3456","614","3674","3135","539","3541","3053","488","3540","3124","416","3373","3014","359","10.6","3162","2844","318","35854"
"13157","GA","Jackson County, GA","6","6","4","3","26711","25615","1096","26964","25849","1115","27695","25975","1720","27055","24053","3002","28656","25660","2996","28911","26130","2781","29401","26974","2427","29646","27567","2079","7","29658","27875","1783","52385"
"13159","GA","Jasper County, GA","1","1","1","1","6390","6085","305","6438","6129","309","6617","6070","547","6461","5651","810","6873","6069","804","6794","6046","748","6660","6008","652","6518","5977","541","8.3","6527","6094","433","42343"
"13161","GA","Jeff Davis County, GA","7","9","7","9","5545","5149","396","5267","4910","357","5313","4794","519","5357","4619","738","6372","5557","815","6514","5691","823","6378","5641","737","6392","5752","640","10","6409","5871","538","34481"
"13163","GA","Jefferson County, GA","6","6","6","7","7044","6591","453","7098","6594","504","7180","6476","704","7106","6078","1028","7158","6151","1007","7122","6176","946","7081","6143","938","6849","5887","962","14","6630","5864","766","29152"
"13165","GA","Jenkins County, GA","6","6","6","6","3564","3369","195","3329","3034","295","2864","2415","449","2723","2192","531","3229","2738","491","3206","2745","461","3363","2900","463","3327","2914","413","12.4","3289","2951","338","28445"
"13167","GA","Johnson County, GA","9","8","7","8","3781","3578","203","3729","3511","218","3715","3419","296","3542","3099","443","4240","3781","459","4165","3702","463","4064","3657","407","4004","3608","396","9.9","3930","3584","346","29565"
"13169","GA","Jones County, GA","3","2","3","2","13869","13174","695","14054","13460","594","14571","13733","838","14322","13095","1227","13698","12366","1332","13817","12541","1276","13865","12690","1175","13610","12624","986","7.2","13620","12745","875","51650"
"13171","GA","Lamar County, GA","1","1","1","1","7810","7370","440","7923","7526","397","7962","7374","588","8134","7031","1103","8160","6998","1162","8116","7001","1115","7963","7000","963","7831","6942","889","11.4","7799","7056","743","40915"
"13173","GA","Lanier County, GA","3","2","3","2","3974","3821","153","4052","3902","150","4227","3982","245","4139","3764","375","3872","3464","408","3944","3535","409","3899","3541","358","3833","3515","318","8.3","3838","3536","302","35101"
"13175","GA","Laurens County, GA","6","5","5","8","22587","21404","1183","22430","21304","1126","22440","20848","1592","22061","19591","2470","20599","17879","2720","20306","17489","2817","19789","17359","2430","19444","17338","2106","10.8","18950","17147","1803","33974"
"13177","GA","Lee County, GA","3","2","3","2","17251","16621","630","17684","17042","642","18073","17260","813","18181","16865","1316","14345","13047","1298","14324","13116","1208","14308","13217","1091","14301","13319","982","6.9","14042","13149","893","63272"
"13179","GA","Liberty County, GA","3","2","3","2","23976","22585","1391","24269","23006","1263","25479","23961","1518","26003","23796","2207","26927","24493","2434","27599","25010","2589","27151","24717","2434","26251","23987","2264","8.6","25798","23772","2026","40175"
"13181","GA","Lincoln County, GA","8","7","2","2","3805","3572","233","3838","3617","221","3910","3633","277","3902","3477","425","3679","3256","423","3636","3215","421","3535","3154","381","3451","3106","345","10","3428","3142","286","35683"
"13183","GA","Long County, GA","3","2","3","2","5717","5491","226","5928","5710","218","6521","6233","288","6655","6220","435","6231","5706","525","6367","5807","560","6630","6074","556","6682","6154","528","7.9","6631","6146","485","41147"
"13185","GA","Lowndes County, GA","3","2","3","2","52048","50030","2018","53698","51634","2064","54974","51985","2989","53907","49335","4572","51019","46120","4899","51351","46267","5084","52396","47639","4757","51090","47015","4075","8","50839","47142","3697","37138"
"13187","GA","Lumpkin County, GA","6","4","6","4","12752","12224","528","13154","12612","542","13460","12520","940","13305","11743","1562","14711","13184","1527","14886","13426","1460","15179","13899","1280","15174","14030","1144","7.5","15184","14187","997","42919"
"13189","GA","McDuffie County, GA","2","2","2","2","10649","9986","663","10595","9927","668","10794","9949","845","10793","9561","1232","9447","8204","1243","9397","8149","1248","9314","8147","1167","9080","8056","1024","11.3","8963","8077","886","37328"
"13191","GA","McIntosh County, GA","3","2","3","2","5283","5054","229","5398","5178","220","5469","5145","324","5276","4741","535","6289","5625","664","6191","5529","662","6030","5439","591","5941","5401","540","9.1","5884","5403","481","36346"
"13193","GA","Macon County, GA","6","6","6","6","5282","4874","408","5089","4719","370","5154","4720","434","5196","4551","645","5383","4672","711","5282","4549","733","5170","4481","689","4965","4332","633","12.7","4618","4048","570","28844"
"13195","GA","Madison County, GA","3","2","3","2","15399","14826","573","15835","15246","589","16325","15477","848","15786","14410","1376","13374","11984","1390","13196","11883","1313","13081","11945","1136","12873","11935","938","7.3","12853","12022","831","43611"
"13197","GA","Marion County, GA","2","2","2","2","3385","3232","153","3322","3166","156","3338","3132","206","3317","2987","330","3723","3326","397","3675","3296","379","3603","3248","355","3443","3149","294","8.5","3390","3130","260","34680"
"13199","GA","Meriwether County, GA","1","1","1","1","9644","9025","619","9572","9012","560","9662","8845","817","9449","8148","1301","9336","8054","1282","9244","8008","1236","9026","7940","1086","8827","7870","957","10.8","8894","8023","871","34962"
"13201","GA","Miller County, GA","8","7","8","7","3705","3571","134","3579","3422","157","3600","3422","178","3615","3301","314","2803","2512","291","2735","2486","249","2695","2477","218","2653","2463","190","7.2","2667","2498","169","32535"
"13205","GA","Mitchell County, GA","6","6","6","6","10465","9950","515","10420","9886","534","10571","9851","720","10395","9354","1041","9646","8602","1044","9524","8567","957","9606","8754","852","9019","8245","774","8.6","8795","8095","700","32280"
"13207","GA","Monroe County, GA","3","2","3","2","13069","12481","588","13547","12994","553","13952","13164","788","13800","12547","1253","12551","11273","1278","12732","11500","1232","12798","11703","1095","12747","11746","1001","7.9","12716","11863","853","54793"
"13209","GA","Montgomery County, GA","9","11","9","8","4508","4275","233","4597","4385","212","4559","4226","333","4484","4082","402","3876","3411","465","3911","3396","515","3896","3444","452","4047","3588","459","11.3","3920","3519","401","37128"
"13211","GA","Morgan County, GA","6","4","1","1","9397","8989","408","9498","9086","412","9626","9051","575","9346","8415","931","8630","7729","901","8634","7769","865","8521","7763","758","8335","7677","658","7.9","8400","7849","551","48337"
"13213","GA","Murray County, GA","3","2","3","2","21441","20512","929","21072","20115","957","20422","18915","1507","19722","17163","2559","17181","14812","2369","17065","14689","2376","16397","14295","2102","15909","14107","1802","11.3","15963","14447","1516","40343"
"13215","GA","Muscogee County, GA","2","2","2","2","85344","80659","4685","85604","81150","4454","86288","80960","5328","86098","78276","7822","81718","73484","8234","82844","74543","8301","83492","75373","8119","83104","75402","7702","9.3","81544","74579","6965","40414"
"13217","GA","Newton County, GA","1","1","1","1","44063","41716","2347","46421","43991","2430","47716","44131","3585","47101","41333","5768","47977","41899","6078","48382","42416","5966","48260","42959","5301","48105","43418","4687","9.7","48115","44157","3958","50862"
"13219","GA","Oconee County, GA","3","2","3","2","17395","16843","552","18031","17496","535","18886","18122","764","18585","17429","1156","16837","15635","1202","16904","15723","1181","17047","15980","1067","17104","16142","962","5.6","17130","16259","871","72478"
"13221","GA","Oglethorpe County, GA","3","2","3","2","7575","7292","283","7731","7434","297","7986","7572","414","7817","7153","664","7079","6396","683","6994","6318","676","6878","6300","578","6723","6231","492","7.3","6738","6306","432","44026"
"13223","GA","Paulding County, GA","1","1","1","1","62499","59899","2600","65995","63316","2679","68486","64420","4066","67939","61065","6874","73735","66352","7383","74311","67205","7106","74415","68228","6187","74598","69191","5407","7.2","75002","70342","4660","60008"
"13225","GA","Peach County, GA","6","5","3","2","11513","10842","671","11537","10909","628","12172","11313","859","12340","11063","1277","12918","11359","1559","12695","11187","1508","12541","11140","1401","11903","10626","1277","10.7","11662","10543","1119","42602"
"13227","GA","Pickens County, GA","1","1","1","1","14657","14115","542","15150","14582","568","15497","14575","922","15098","13498","1600","14045","12505","1540","14050","12579","1471","13876","12627","1249","13801","12714","1087","7.9","13842","12921","921","53332"
"13229","GA","Pierce County, GA","6","5","6","5","8356","8006","350","8572","8235","337","8710","8242","468","8678","7864","814","8245","7387","858","8095","7234","861","8327","7544","783","8157","7466","691","8.5","8038","7428","610","36214"
"13231","GA","Pike County, GA","1","1","1","1","7879","7521","358","8076","7734","342","8264","7721","543","8077","7192","885","8505","7599","906","8432","7576","856","8413","7637","776","8306","7602","704","8.5","8322","7740","582","52393"
"13233","GA","Polk County, GA","6","3","4","3","20715","19805","910","20967","20035","932","21500","20140","1360","21188","18905","2283","18690","16444","2246","18676","16528","2148","18762","16903","1859","18491","16866","1625","8.8","18328","16892","1436","38730"
"13235","GA","Pulaski County, GA","6","6","3","2","4630","4421","209","4649","4465","184","4607","4362","245","4357","4017","340","4530","4112","418","4489","4054","435","4380","3983","397","4206","3828","378","9","4134","3804","330","37012"
"13237","GA","Putnam County, GA","6","4","6","4","10374","9903","471","10414","9960","454","10496","9756","740","10371","9234","1137","9053","7883","1170","8667","7540","1127","8284","7330","954","8149","7306","843","10.3","8094","7349","745","42934"
"13239","GA","Quitman County, GA","9","12","9","11","1000","949","51","1060","1003","57","1031","942","89","968","853","115","1006","905","101","980","879","101","944","853","91","905","829","76","8.4","891","814","77","29111"
"13241","GA","Rabun County, GA","9","10","7","10","7521","7105","416","7277","6852","425","6973","6530","443","6968","6244","724","7141","6298","843","7035","6161","874","6935","6139","796","6828","6149","679","9.9","6568","6020","548","38114"
"13243","GA","Randolph County, GA","6","6","6","6","2873","2688","185","2745","2568","177","2790","2555","235","2752","2417","335","2979","2616","363","2946","2569","377","2834","2479","355","2793","2503","290","10.4","2702","2441","261","28105"
"13245","GA","Richmond County, GA","2","2","2","2","88769","83164","5605","90907","85362","5545","92255","85658","6597","91254","82033","9221","87887","78209","9678","88509","78543","9966","88377","78988","9389","86741","78219","8522","9.8","85777","78341","7436","36069"
"13247","GA","Rockdale County, GA","1","1","1","1","39376","37383","1993","40365","38349","2016","40840","38020","2820","40153","35680","4473","41960","37210","4750","42263","37509","4754","42110","37814","4296","42212","38335","3877","9.2","42296","38957","3339","50646"
"13249","GA","Schley County, GA","8","5","8","5","1864","1759","105","1823","1715","108","1881","1756","125","1903","1661","242","2165","1903","262","2161","1913","248","2174","1947","227","2132","1935","197","9.2","2148","1982","166","38944"
"13251","GA","Screven County, GA","6","6","6","6","7190","6842","348","7239","6888","351","7383","6805","578","7302","6268","1034","5804","4818","986","5770","4856","914","5691","4904","787","5570","4865","705","12.7","5482","4932","550","35087"
"13253","GA","Seminole County, GA","6","6","6","6","4005","3799","206","3990","3773","217","4105","3805","300","4090","3649","441","3383","2959","424","3271","2859","412","3248","2897","351","3135","2818","317","10.1","3134","2835","299","34814"
"13255","GA","Spalding County, GA","1","1","1","1","28067","26286","1781","28269","26672","1597","28974","26522","2452","28894","24798","4096","28669","24409","4260","28575","24564","4011","28177","24638","3539","27803","24596","3207","11.5","27639","25014","2625","39068"
"13257","GA","Stephens County, GA","7","8","7","8","13379","12714","665","13590","12933","657","13809","12954","855","13894","12420","1474","11892","10429","1463","11734","10337","1397","11741","10520","1221","11492","10462","1030","9","11258","10402","856","36318"
"13259","GA","Stewart County, GA","8","7","8","6","1979","1848","131","2272","2129","143","2322","2141","181","2317","2071","246","2402","2154","248","2338","2108","230","2319","2103","216","2292","2088","204","8.9","2194","2020","174","28304"
"13261","GA","Sumter County, GA","6","5","6","5","14752","13844","908","14796","13748","1048","14741","13612","1129","14387","12520","1867","14262","12370","1892","13935","12180","1755","13953","12291","1662","13429","11909","1520","11.3","13517","12221","1296","32474"
"13263","GA","Talbot County, GA","8","6","8","4","3078","2885","193","3160","2958","202","3192","2982","210","3125","2830","295","2875","2585","290","2916","2611","305","2915","2626","289","2857","2597","260","9.1","2834","2610","224","33168"
"13265","GA","Taliaferro County, GA","8","7","8","7","783","728","55","848","781","67","848","779","69","833","712","121","634","520","114","618","521","97","606","520","86","591","520","71","12","598","532","66","28917"
"13267","GA","Tattnall County, GA","6","6","6","6","9075","8592","483","9144","8708","436","9279","8665","614","9356","8513","843","9678","8802","876","9881","9003","878","9825","8990","835","9596","8805","791","8.2","9584","8879","705","35983"
"13269","GA","Taylor County, GA","8","7","8","7","3337","3127","210","3333","3137","196","3447","3190","257","3550","3128","422","3255","2784","471","3180","2720","460","3114","2697","417","3178","2805","373","11.7","2879","2578","301","30538"
"13271","GA","Telfair County, GA","7","9","7","11","5041","4658","383","4998","4612","386","4713","4207","506","4616","3973","643","5234","4462","772","5283","4582","701","5341","4711","630","5299","4693","606","11.4","5158","4634","524","28334"
"13273","GA","Terrell County, GA","3","2","3","2","4554","4292","262","4430","4166","264","4437","4144","293","4442","3982","460","3917","3439","478","3848","3387","461","3750","3343","407","3663","3308","355","9.7","3567","3275","292","31826"
"13275","GA","Thomas County, GA","4","5","4","5","23513","22549","964","22989","22047","942","22221","20937","1284","21412","19442","1970","17884","15874","2010","18326","16434","1892","18433","16683","1750","17751","16204","1547","8.7","17312","15829","1483","38914"
"13277","GA","Tift County, GA","4","5","5","8","19957","18946","1011","19128","18121","1007","19076","17720","1356","18876","16808","2068","18784","16537","2247","18938","16648","2290","19140","17212","1928","18708","17112","1596","8.5","18119","16783","1336","33902"
"13279","GA","Toombs County, GA","7","11","7","8","13478","12774","704","13864","13209","655","14049","13043","1006","13911","12535","1376","12303","10792","1511","12425","10764","1661","12500","11037","1463","12799","11387","1412","11","12403","11174","1229","32311"
"13281","GA","Towns County, GA","9","12","9","12","5930","5728","202","6025","5803","222","5831","5485","346","5740","5241","499","4341","3783","558","4351","3810","541","4424","3936","488","4147","3720","427","10.3","4067","3704","363","39854"
"13283","GA","Treutlen County, GA","7","9","7","9","2690","2525","165","2714","2557","157","2891","2645","246","2927","2592","335","2945","2589","356","2988","2591","397","2904","2512","392","2830","2481","349","12.3","2779","2480","299","31917"
"13285","GA","Troup County, GA","4","3","4","3","30352","28574","1778","30448","28721","1727","30594","28102","2492","30909","26923","3986","32546","28788","3758","34509","30698","3811","35590","32085","3505","36198","33060","3138","8.7","36187","33488","2699","42044"
"13287","GA","Turner County, GA","6","6","6","6","5096","4803","293","4942","4615","327","4800","4411","389","4626","3975","651","3530","2944","586","3599","3084","515","3458","3053","405","3333","3004","329","9.9","3215","2960","255","31817"
"13289","GA","Twiggs County, GA","3","2","3","2","4578","4313","265","4668","4406","262","4766","4436","330","4654","4139","515","3265","2760","505","3255","2751","504","3171","2700","471","3125","2694","431","13.8","3066","2717","349","36107"
"13291","GA","Union County, GA","9","12","9","12","10744","10346","398","11442","11029","413","11173","10521","652","10984","9944","1040","9502","8456","1046","9470","8515","955","9633","8800","833","9310","8596","714","7.7","9413","8800","613","39677"
"13293","GA","Upson County, GA","6","3","6","3","11794","11052","742","12011","11244","767","12032","11037","995","11912","10371","1541","11932","10471","1461","12014","10619","1395","11984","10705","1279","11931","10756","1175","9.8","11276","10240","1036","34709"
"13295","GA","Walker County, GA","2","2","2","2","33701","32197","1504","33084","31617","1467","33436","31232","2204","32199","28683","3516","30980","27788","3192","31040","28019","3021","30855","28123","2732","30092","27724","2368","7.9","29506","27392","2114","40512"
"13297","GA","Walton County, GA","1","1","1","1","39051","37273","1778","41084","39207","1877","42256","39554","2702","41476","37166","4310","41037","36667","4370","41215","36921","4294","41113","37371","3742","41043","37873","3170","7.7","41172","38507","2665","54294"
"13299","GA","Ware County, GA","4","8","5","8","15072","14321","751","15148","14411","737","15255","14249","1006","14894","13276","1618","15561","13847","1714","15283","13553","1730","15477","13904","1573","15117","13689","1428","9.4","14800","13595","1205","32211"
"13301","GA","Warren County, GA","8","7","8","7","2466","2262","204","2455","2271","184","2490","2235","255","2623","2149","474","2657","2200","457","2648","2208","440","2652","2255","397","2729","2401","328","12","2723","2453","270","30967"
"13303","GA","Washington County, GA","7","9","7","9","8430","7935","495","8333","7863","470","8224","7577","647","7917","6831","1086","8124","6943","1181","8118","7081","1037","8079","7242","837","7697","6950","747","9.7","7520","6887","633","36807"
"13305","GA","Wayne County, GA","6","5","6","5","11845","11170","675","12072","11420","652","12251","11309","942","12050","10633","1417","12377","10886","1491","12505","10982","1523","12603","11253","1350","12303","11095","1208","9.8","11828","10765","1063","38081"
"13307","GA","Webster County, GA","8","7","8","6","1187","1134","53","1246","1190","56","1307","1239","68","1193","1074","119","1043","909","134","1067","945","122","1058","955","103","1031","940","91","8.8","1017","931","86","34374"
"13309","GA","Wheeler County, GA","9","10","9","9","3080","2909","171","2965","2813","152","2932","2725","207","2930","2648","282","1937","1644","293","1980","1689","291","1955","1696","259","1894","1656","238","12.6","1899","1669","230","30779"
"13311","GA","White County, GA","8","7","6","6","12449","11981","468","12910","12448","462","12672","11977","695","12387","11177","1210","12902","11589","1313","13170","11858","1312","13562","12386","1176","13806","12779","1027","7.4","13846","12972","874","41337"
"13313","GA","Whitfield County, GA","3","2","3","2","46862","44793","2069","47042","44901","2141","46317","42809","3508","44109","38481","5628","47639","41978","5661","47474","41837","5637","45737","40854","4883","44691","40406","4285","9.6","44869","41311","3558","39946"
"13315","GA","Wilcox County, GA","9","10","8","6","3284","3088","196","3302","3109","193","3280","3010","270","3252","2862","390","2935","2570","365","2933","2557","376","2865","2531","334","2819","2506","313","11.1","2865","2595","270","33308"
"13317","GA","Wilkes County, GA","6","6","6","6","4710","4421","289","4572","4269","303","4691","4302","389","4495","3959","536","4017","3486","531","3930","3384","546","3838","3370","468","3738","3321","417","11.2","3766","3412","354","33662"
"13319","GA","Wilkinson County, GA","8","7","8","7","4570","4308","262","4584","4337","247","4763","4436","327","4627","4113","514","3842","3303","539","3774","3288","486","3734","3305","429","3717","3334","383","10.3","3722","3396","326","35745"
"13321","GA","Worth County, GA","3","2","3","2","10384","9856","528","10184","9640","544","10253","9567","686","10156","9132","1024","9781","8597","1184","9792","8667","1125","9598","8636","962","9222","8397","825","8.9","9050","8341","709","36616"
"15000","HI","Hawaii",,,,,"638260","621573","16687","638395","620535","17860","639691","612120","27571","631690","586522","45168","647249","602282","44967","660131","615117","45014","648013","609088","38925","651080","619528","31552","4.8","668177","639024","29153","67798"
"15001","HI","Hawaii County, HI","5","8","5","8","83833","81216","2617","84784","81772","3012","84886","79796","5090","83897","75348","8549","87774","79112","8662","88667","79926","8741","86214","79046","7168","86075","80389","5686","6.6","87346","82500","4846","47377"
"15003","HI","Honolulu County/city, HI","2","2","2","2","444788","433478","11310","442512","430846","11666","443915","426832","17083","439761","413213","26548","446189","419631","26558","456085","429233","26852","448621","424429","24192","451228","431350","19878","4.4","463568","444678","18890","72649"
"15007","HI","Kauai County, HI","5","8","5","8","32471","31637","834","32665","31783","882","32661","31077","1584","31990","28865","3125","34321","31317","3004","34899","31858","3041","33919","31433","2486","33951","32061","1890","5.6","34623","32939","1684","55844"
"15009","HI","Maui County, HI","5","8","3","2","77170","75243","1927","78434","76134","2300","78229","74415","3814","76043","69097","6946","78966","72223","6743","80479","74100","6379","79260","74180","5080","79825","75728","4097","5.1","82639","78907","3732","62277"
"16000","ID","Idaho",,,,,"747377","721346","26031","754438","731235","23203","755153","716653","38500","757131","690722","66409","761056","692826","68230","764890","701645","63245","769429","714051","55378","771154","724121","47033","6.1","777238","739834","37404","46621"
"16001","ID","Ada County, ID","2","2","2","2","193828","188617","5211","196740","191500","5240","196434","186848","9586","196383","178892","17491","196922","180562","16360","200141","185529","14612","204276","191656","12620","206513","195791","10722","5.2","210284","201664","8620","53420"
"16003","ID","Adams County, ID","8","7","9","12","2159","2013","146","1999","1884","115","1913","1710","203","2123","1776","347","1861","1516","345","1742","1432","310","1742","1482","260","1707","1475","232","13.6","1662","1496","166","37630"
"16005","ID","Bannock County, ID","3","2","3","2","40451","39057","1394","41291","40063","1228","39594","37716","1878","39350","36263","3087","41091","37809","3282","41032","37966","3066","41189","38338","2851","41405","38988","2417","5.8","41703","39792","1911","42665"
"16007","ID","Bear Lake County, ID","7","11","9","11","3050","2961","89","3158","3085","73","3302","3192","110","3365","3165","200","2884","2670","214","2920","2743","177","2880","2721","159","2883","2735","148","5.1","2859","2732","127","45589"
"16009","ID","Benewah County, ID","6","6","6","7","3957","3648","309","4061","3811","250","4080","3668","412","4174","3549","625","4209","3636","573","4147","3598","549","4157","3652","505","3990","3588","402","10.1","3943","3622","321","39530"
"16011","ID","Bingham County, ID","6","5","4","5","21109","20328","781","22242","21652","590","22383","21482","901","21828","20393","1435","22845","21198","1647","22822","21212","1610","22758","21312","1446","22292","20989","1303","5.8","22042","21040","1002","47721"
"16013","ID","Blaine County, ID","7","11","7","8","14167","13785","382","13677","13356","321","13726","13186","540","13348","12232","1116","11947","10806","1141","11864","10843","1021","11715","10899","816","11577","10923","654","5.6","11429","10919","510","67936"
"16015","ID","Boise County, ID","2","2","2","2","3708","3571","137","3576","3453","123","3482","3274","208","3384","3080","304","3048","2726","322","3053","2747","306","2961","2684","277","2914","2683","231","7.9","2935","2759","176","48974"
"16017","ID","Bonner County, ID","6","6","6","5","20547","19581","966","20645","19845","800","20417","19063","1354","20958","18630","2328","19494","16978","2516","19024","16689","2335","18600","16657","1943","18270","16670","1600","8.8","18138","16858","1280","41797"
"16019","ID","Bonneville County, ID","3","2","3","2","49797","48466","1331","50283","49166","1117","50146","48346","1800","50059","46872","3187","49093","45677","3416","49289","45908","3381","49111","46008","3103","48945","46280","2665","5.4","49556","47468","2088","50559"
"16021","ID","Boundary County, ID","7","11","7","9","4234","3911","323","4576","4291","285","4589","4186","403","4410","3812","598","5367","4647","720","5382","4761","621","5222","4727","495","4912","4515","397","8.1","4880","4587","293","39681"
"16023","ID","Butte County, ID","8","7","3","2","1430","1383","47","1369","1335","34","1369","1310","59","1471","1387","84","1352","1254","98","1324","1217","107","1333","1227","106","1294","1207","87","6.7","1309","1241","68","41739"
"16025","ID","Camas County, ID","9","12","9","8","637","615","22","618","602","16","630","602","28","598","535","63","643","561","82","637","560","77","668","607","61","634","593","41","6.5","628","598","30","47911"
"16027","ID","Canyon County, ID","2","2","2","2","82571","79351","3220","83264","80180","3084","84097","78638","5459","85238","75643","9595","84728","75188","9540","85427","76466","8961","86886","79035","7851","87640","81122","6518","7.4","88595","83404","5191","42237"
"16029","ID","Caribou County, ID","6","6","6","6","3344","3209","135","3863","3752","111","3899","3755","144","3464","3233","231","3841","3541","300","3883","3594","289","3972","3730","242","3897","3692","205","5.3","3852","3689","163","54579"
"16031","ID","Cassia County, ID","7","8","7","8","10449","10019","430","10795","10453","342","10986","10554","432","10190","9581","609","11113","10326","787","11189","10456","733","11110","10469","641","11114","10535","579","5.2","11117","10640","477","44160"
"16033","ID","Clark County, ID","8","7","9","12","527","506","21","554","541","13","596","575","21","549","516","33","536","486","50","515","470","45","423","392","31","424","398","26","6.1","441","421","20","42940"
"16035","ID","Clearwater County, ID","6","6","6","6","3318","3040","278","3208","2967","241","3217","2864","353","3523","3001","522","3422","2921","501","3352","2896","456","3271","2859","412","3187","2828","359","11.3","3110","2817","293","40068"
"16037","ID","Custer County, ID","9","12","8","7","2537","2430","107","2329","2249","80","2438","2326","112","2677","2514","163","2295","2107","188","2299","2118","181","2334","2146","188","2207","2023","184","8.3","2120","1978","142","41522"
"16039","ID","Elmore County, ID","4","5","6","5","10931","10476","455","11249","10809","440","11381","10735","646","11408","10435","973","11393","10409","984","10995","10088","907","10673","9870","803","10783","10057","726","6.7","11011","10426","585","42680"
"16041","ID","Franklin County, ID","3","2","3","2","6258","6104","154","5751","5626","125","5690","5498","192","5794","5473","321","6194","5867","327","6247","5910","337","6310","6019","291","6263","6003","260","4.2","6386","6166","220","44790"
"16043","ID","Fremont County, ID","6","5","6","5","6029","5802","227","5777","5586","191","5763","5477","286","5553","5059","494","6746","6162","584","6704","6186","518","6928","6498","430","6915","6550","365","5.3","7013","6733","280","44130"
"16045","ID","Gem County, ID","2","2","2","2","7334","7018","316","7098","6826","272","7038","6535","503","6985","6168","817","7680","6802","878","7697","6872","825","7611","6896","715","7497","6911","586","7.8","7529","7088","441","44173"
"16047","ID","Gooding County, ID","7","9","7","9","8524","8280","244","8805","8612","193","8735","8433","302","8380","7857","523","8498","7864","634","8360","7801","559","8106","7646","460","8049","7656","393","4.9","7953","7634","319","41310"
"16049","ID","Idaho County, ID","6","6","6","6","7122","6678","444","7079","6717","362","7134","6591","543","7358","6541","817","6653","5823","830","6674","5860","814","6637","5920","717","6565","5929","636","9.7","6455","5969","486","39434"
"16051","ID","Jefferson County, ID","3","2","3","2","11006","10671","335","11121","10847","274","11279","10847","432","11502","10694","808","12610","11720","890","12503","11641","862","12194","11444","750","12140","11519","621","5.1","12275","11782","493","52950"
"16053","ID","Jerome County, ID","7","8","7","8","10203","9867","336","9827","9546","281","9966","9541","425","10447","9705","742","11021","10135","886","11097","10277","820","10981","10275","706","10952","10371","581","5.3","11077","10628","449","41595"
"16055","ID","Kootenai County, ID","3","2","3","2","68675","66048","2627","69433","67106","2327","70769","66653","4116","70972","63805","7167","68851","61337","7514","69262","62279","6983","68609","62617","5992","69210","64187","5023","7.3","70488","66506","3982","51681"
"16057","ID","Latah County, ID","4","5","4","5","17598","17063","535","17003","16534","469","17180","16453","727","17794","16583","1211","19280","18000","1280","19242","18037","1205","19632","18483","1149","19420","18464","956","4.9","19091","18303","788","43699"
"16059","ID","Lemhi County, ID","7","11","7","11","4006","3795","211","3745","3572","173","3664","3413","251","3975","3617","358","3775","3390","385","3664","3290","374","3567","3217","350","3436","3114","322","9.4","3358","3100","258","38367"
"16061","ID","Lewis County, ID","8","7","8","7","1732","1684","48","1703","1658","45","1688","1622","66","1779","1671","108","1571","1466","105","1554","1457","97","1596","1510","86","1612","1531","81","5","1606","1538","68","41190"
"16063","ID","Lincoln County, ID","9","10","9","8","2577","2460","117","2565","2476","89","2570","2425","145","2584","2275","309","2709","2355","354","2679","2361","318","2699","2451","248","2647","2446","201","7.6","2606","2457","149","42625"
"16065","ID","Madison County, ID","6","5","4","5","14877","14484","393","16441","16085","356","16673","16075","598","16049","15071","978","17484","16545","939","17894","16954","940","18430","17588","842","18443","17691","752","4.1","18851","18229","622","37142"
"16067","ID","Minidoka County, ID","7","8","7","8","9809","9315","494","10051","9659","392","10078","9616","462","9494","8857","637","10467","9690","777","10558","9828","730","10383","9749","634","10381","9806","575","5.5","10385","9909","476","41968"
"16069","ID","Nez Perce County, ID","3","2","3","2","19025","18347","678","19011","18437","574","18560","17706","854","18704","17435","1269","20086","18742","1344","20080","18809","1271","19875","18731","1144","20217","19212","1005","5","20412","19583","829","46753"
"16071","ID","Oneida County, ID","8","7","8","7","2231","2188","43","2381","2339","42","2304","2223","81","2221","2082","139","2006","1885","121","2016","1900","116","2092","1989","103","2094","2005","89","4.3","2132","2048","84","45040"
"16073","ID","Owyhee County, ID","2","2","2","2","4720","4621","99","4488","4402","86","4363","4226","137","4328","4135","193","5050","4838","212","4885","4674","211","5103","4892","211","5119","4922","197","3.8","5086","4920","166","35017"
"16075","ID","Payette County, ID","6","5","6","5","10391","9869","522","10520","10076","444","10446","9822","624","11007","9915","1092","11144","10066","1078","11148","10158","990","10838","9988","850","10817","10113","704","6.5","10910","10302","608","43642"
"16077","ID","Power County, ID","3","2","6","6","3873","3685","188","3753","3602","151","3541","3353","188","3458","3177","281","3872","3515","357","3924","3583","341","4088","3770","318","3981","3718","263","6.6","3991","3798","193","44450"
"16079","ID","Shoshone County, ID","6","7","6","7","5630","5224","406","5864","5552","312","6192","5671","521","6304","5414","890","5488","4615","873","5507","4713","794","5606","4871","735","5491","4827","664","12.1","5215","4691","524","37431"
"16081","ID","Teton County, ID","9","8","9","8","4737","4641","96","5069","4983","86","5304","5149","155","5287","4920","367","5446","5018","428","5323","4967","356","5313","5000","313","5453","5181","272","5","5589","5369","220","52650"
"16083","ID","Twin Falls County, ID","5","8","5","8","38341","37045","1296","37746","36699","1047","38108","36563","1545","39024","36292","2732","36930","33783","3147","37456","34528","2928","38100","35498","2602","38561","36387","2174","5.6","38168","36513","1655","44602"
"16085","ID","Valley County, ID","8","7","8","6","4978","4761","217","5021","4812","209","4781","4350","431","4710","4031","679","4692","3956","736","4651","3997","654","4672","4148","524","4545","4078","467","10.3","4506","4169","337","48879"
"16087","ID","Washington County, ID","6","6","6","6","4952","4729","223","4687","4489","198","4645","4376","269","4921","4433","488","4726","4238","488","4731","4272","459","4783","4382","401","4762","4412","350","7.3","4544","4251","293","37539"
"17000","IL","Illinois",,,,,"6526273","6230845","295428","6665601","6334010","331591","6657227","6238611","418616","6618658","5943229","675429","6625321","5937047","688274","6586045","5949053","636992","6583808","5992475","591333","6554978","5960851","594127","9.1","6524579","6064216","460363","56212"
"17001","IL","Adams County, IL","5","8","5","8","39326","38001","1325","39619","38088","1531","38756","36907","1849","38261","35468","2793","34910","32208","2702","34392","32020","2372","33800","31602","2198","32917","30678","2239","6.8","32629","30872","1757","43604"
"17003","IL","Alexander County, IL","7","8","3","2","3297","3033","264","3279","3011","268","3108","2814","294","3000","2632","368","2972","2622","350","2891","2517","374","2753","2424","329","2687","2346","341","12.7","2617","2341","276","30141"
"17005","IL","Bond County, IL","1","1","1","1","8639","8221","418","8771","8320","451","8779","8196","583","8563","7717","846","8526","7678","848","8481","7699","782","8247","7520","727","8011","7323","688","8.6","7962","7444","518","48464"
"17007","IL","Boone County, IL","2","2","2","2","25735","24314","1421","26764","25014","1750","26752","24270","2482","26118","22086","4032","27438","23648","3790","27197","23982","3215","26833","24030","2803","26411","23713","2698","10.2","26253","24177","2076","59537"
"17009","IL","Brown County, IL","7","10","7","10","3372","3272","100","3479","3384","95","3537","3404","133","3465","3309","156","2586","2406","180","2591","2430","161","2623","2466","157","2612","2450","162","6.2","2747","2631","116","46522"
"17011","IL","Bureau County, IL","6","5","7","8","19043","18215","828","19494","18551","943","19294","18126","1168","19259","17230","2029","19155","17097","2058","18736","16890","1846","18167","16495","1672","17720","16083","1637","9.2","17539","16248","1291","49062"
"17013","IL","Calhoun County, IL","1","1","1","1","2622","2465","157","2656","2482","174","2578","2392","186","2485","2236","249","2504","2248","256","2505","2255","250","2443","2197","246","2412","2175","237","9.8","2411","2211","200","48504"
"17015","IL","Carroll County, IL","7","9","7","9","8586","8176","410","8768","8330","438","8507","7955","552","8289","7388","901","8544","7654","890","8312","7558","754","8054","7386","668","7884","7242","642","8.1","7888","7375","513","43643"
"17017","IL","Cass County, IL","6","6","6","6","7644","7333","311","7713","7384","329","7610","7210","400","7683","7150","533","7007","6430","577","6910","6347","563","6604","6051","553","6439","5859","580","9","6398","5955","443","45257"
"17019","IL","Champaign County, IL","3","2","3","2","102819","99078","3741","105132","100739","4393","105661","99814","5847","105240","96480","8760","108984","100037","8947","105780","97508","8272","103905","96221","7684","103041","95261","7780","7.6","103145","96902","6243","46917"
"17021","IL","Christian County, IL","6","5","6","5","17576","16752","824","17998","17103","895","17945","16778","1167","17721","15949","1772","17196","15469","1727","16886","15278","1608","16523","14989","1534","16035","14478","1557","9.7","15830","14624","1206","49391"
"17023","IL","Clark County, IL","6","6","6","6","8913","8485","428","8979","8484","495","8588","7912","676","8112","7053","1059","8322","7348","974","8122","7276","846","8019","7245","774","7941","7192","749","9.4","7962","7384","578","46287"
"17025","IL","Clay County, IL","7","9","7","9","6977","6631","346","7003","6618","385","6766","6279","487","6467","5654","813","6820","6054","766","6691","5981","710","6639","5997","642","6318","5684","634","10","6441","5919","522","42369"
"17027","IL","Clinton County, IL","1","1","1","1","19220","18378","842","19352","18446","906","19322","18143","1179","18650","17070","1580","20548","19051","1497","20709","19313","1396","20331","18971","1360","19925","18554","1371","6.9","19958","18853","1105","61843"
"17029","IL","Coles County, IL","5","8","5","8","27241","26130","1111","27971","26756","1215","27740","26049","1691","27673","25159","2514","25674","23153","2521","24797","22464","2333","24790","22615","2175","24393","22241","2152","8.8","24362","22704","1658","39353"
"17031","IL","Cook County, IL","1","1","1","1","2566657","2441887","124770","2615750","2478215","137535","2615675","2447178","168497","2604692","2330033","274659","2643788","2356472","287316","2634577","2360723","273854","2659945","2404577","255368","2677534","2420728","256806","9.6","2666625","2470186","196439","53795"
"17033","IL","Crawford County, IL","6","6","7","9","9624","9136","488","9821","9290","531","9706","9072","634","9721","8755","966","10388","9500","888","10834","10033","801","10436","9617","819","9980","9122","858","8.6","9857","9203","654","47517"
"17035","IL","Cumberland County, IL","9","8","9","8","5721","5470","251","5806","5513","293","5653","5250","403","5568","5021","547","6064","5512","552","5951","5429","522","5959","5486","473","5829","5356","473","8.1","5883","5525","358","47382"
"17037","IL","DeKalb County, IL","1","1","1","1","55695","53663","2032","59179","56635","2544","60336","56851","3485","60157","54136","6021","56371","50456","5915","55675","50502","5173","55404","50745","4659","54646","50181","4465","8.2","54706","51114","3592","54204"
"17039","IL","De Witt County, IL","6","6","3","2","8364","8007","357","8604","8191","413","8651","8141","510","8817","8066","751","8805","8044","761","8691","7962","729","8461","7785","676","8148","7475","673","8.3","7977","7454","523","53303"
"17041","IL","Douglas County, IL","6","6","6","6","10302","9886","416","10561","10114","447","10467","9856","611","10219","9326","893","10347","9433","914","10145","9309","836","9915","9189","726","9776","9086","690","7.1","9853","9270","583","49179"
"17043","IL","DuPage County, IL","1","1","1","1","521776","503616","18160","530011","509543","20468","529285","502976","26309","525702","480627","45075","502832","458264","44568","501593","460813","40780","507712","469812","37900","511872","474214","37658","7.4","512869","483899","28970","76269"
"17045","IL","Edgar County, IL","6","6","6","6","10515","10021","494","10614","10072","542","10278","9571","707","10173","9128","1045","9464","8405","1059","9339","8353","986","9103","8225","878","9018","8167","851","9.4","9160","8502","658","44433"
"17047","IL","Edwards County, IL","9","12","9","12","3435","3291","144","3457","3289","168","3284","3076","208","3108","2824","284","3228","2948","280","3139","2882","257","3053","2814","239","2867","2619","248","8.7","2863","2668","195","45675"
"17049","IL","Effingham County, IL","7","8","7","8","18355","17615","740","18869","18109","760","18542","17528","1014","18145","16685","1460","18649","17195","1454","18645","17372","1273","18476","17267","1209","18055","16796","1259","7","18367","17345","1022","50900"
"17051","IL","Fayette County, IL","6","4","6","4","10202","9632","570","10344","9698","646","10234","9435","799","10119","9005","1114","11280","10110","1170","11194","10131","1063","10700","9713","987","10139","9185","954","9.4","9745","8999","746","43014"
"17053","IL","Ford County, IL","3","2","3","2","7381","7063","318","7350","6988","362","7182","6746","436","7098","6389","709","7292","6603","689","6995","6378","617","6772","6247","525","6557","6047","510","7.8","6566","6165","401","52375"
"17055","IL","Franklin County, IL","5","9","4","6","17923","16747","1176","18270","16848","1422","17928","16281","1647","17682","15376","2306","17998","15783","2215","17618","15647","1971","17352","15500","1852","16853","14828","2025","12","16504","14960","1544","35681"
"17057","IL","Fulton County, IL","6","5","6","5","17820","16918","902","17927","16985","942","17958","16784","1174","18498","16395","2103","17592","15534","2058","17427","15601","1826","16908","15239","1669","16191","14423","1768","10.9","15762","14401","1361","46342"
"17059","IL","Gallatin County, IL","8","7","8","7","2662","2515","147","2666","2502","164","2614","2405","209","2628","2365","263","2638","2384","254","2577","2348","229","2519","2308","211","2451","2215","236","9.6","2410","2230","180","40349"
"17061","IL","Greene County, IL","6","4","6","4","7424","7090","334","7183","6827","356","6945","6530","415","6775","6208","567","6818","6184","634","6710","6119","591","6473","5923","550","6319","5763","556","8.8","6223","5792","431","41588"
"17063","IL","Grundy County, IL","1","1","1","1","24510","23243","1267","25757","24282","1475","26237","24348","1889","26702","23440","3262","25933","22505","3428","25708","22469","3239","25784","22861","2923","25931","22955","2976","11.5","25608","23428","2180","68474"
"17065","IL","Hamilton County, IL","7","8","7","9","4255","4028","227","4312","4072","240","4223","3935","288","4070","3687","383","4012","3636","376","3915","3578","337","3914","3604","310","4078","3764","314","7.7","4342","4085","257","42330"
"17067","IL","Hancock County, IL","7","9","7","8","9888","9431","457","9979","9443","536","9859","9189","670","9438","8389","1049","9965","8907","1058","9634","8744","890","9266","8488","778","8906","8131","775","8.7","8831","8239","592","47965"
"17069","IL","Hardin County, IL","9","10","9","12","1756","1628","128","1712","1574","138","1712","1554","158","1760","1567","193","1799","1601","198","1750","1561","189","1727","1549","178","1679","1483","196","11.7","1628","1485","143","36567"
"17071","IL","Henderson County, IL","9","8","9","8","4090","3876","214","4059","3844","215","3909","3629","280","3800","3437","363","3931","3564","367","3858","3548","310","3722","3426","296","3667","3377","290","7.9","3750","3513","237","45022"
"17073","IL","Henry County, IL","2","2","2","2","27646","26507","1139","27831","26504","1327","27596","25928","1668","26772","24315","2457","26724","24282","2442","26513","24423","2090","26109","24164","1945","25409","23425","1984","7.8","25336","23634","1702","52117"
"17075","IL","Iroquois County, IL","6","6","6","4","16452","15723","729","16821","15985","836","16753","15643","1110","16749","15144","1605","16069","14459","1610","15728","14283","1445","15269","13970","1299","14972","13703","1269","8.5","14801","13836","965","46977"
"17077","IL","Jackson County, IL","5","8","3","2","32813","31515","1298","33163","31649","1514","32470","30647","1823","32119","29774","2345","29857","27404","2453","29637","27278","2359","29010","26752","2258","28087","25822","2265","8.1","27791","25969","1822","34243"
"17079","IL","Jasper County, IL","7","9","7","9","5077","4830","247","5207","4941","266","5201","4864","337","4942","4488","454","5103","4646","457","5007","4610","397","4938","4552","386","4733","4348","385","8.1","4736","4431","305","52187"
"17081","IL","Jefferson County, IL","7","8","7","8","21036","20069","967","21365","20318","1047","20827","19542","1285","20595","18627","1968","18234","16373","1861","18176","16484","1692","17833","16210","1623","17787","16111","1676","9.4","17591","16278","1313","40663"
"17083","IL","Jersey County, IL","1","1","1","1","11774","11216","558","11867","11230","637","11790","11045","745","11544","10460","1084","11610","10549","1061","11588","10550","1038","11373","10347","1026","11132","10132","1000","9","11086","10292","794","54331"
"17085","IL","Jo Daviess County, IL","6","6","6","6","13514","13005","509","13790","13237","553","13420","12676","744","13081","11908","1173","12450","11343","1107","12137","11173","964","11857","10959","898","11579","10693","886","7.7","11589","10870","719","49573"
"17087","IL","Johnson County, IL","7","10","8","6","5249","4977","272","5286","4954","332","5121","4713","408","5095","4559","536","4447","3898","549","4392","3879","513","4294","3793","501","4266","3739","527","12.4","4133","3729","404","39965"
"17089","IL","Kane County, IL","1","1","1","1","259217","248918","10299","269449","257360","12089","271767","255338","16429","271256","242898","28358","267231","237757","29474","267299","241212","26087","266840","242978","23862","264317","241200","23117","8.7","263989","245617","18372","71444"
"17091","IL","Kankakee County, IL","3","2","3","2","54299","51295","3004","55889","52393","3496","55903","51242","4661","56196","49319","6877","57458","50385","7073","56925","50389","6536","56432","50520","5912","55695","49845","5850","10.5","55367","50883","4484","49584"
"17093","IL","Kendall County, IL","1","1","1","1","49722","47797","1925","55716","53308","2408","59585","56150","3435","60357","54244","6113","62424","56085","6339","62570","56788","5782","63628","58343","5285","64570","59199","5371","8.3","64498","60407","4091","79648"
"17095","IL","Knox County, IL","4","5","4","5","25580","24253","1327","25636","24356","1280","25565","23925","1640","25980","23477","2503","25353","22930","2423","24866","22674","2192","24346","22319","2027","23655","21546","2109","8.9","23483","21843","1640","39494"
"17097","IL","Lake County, IL","1","1","1","1","365625","350304","15321","372457","354669","17788","371016","347350","23666","363170","327443","35727","370030","333677","36353","368913","336215","32698","367578","337623","29955","365260","335774","29486","8.1","366147","342289","23858","75106"
"17099","IL","LaSalle County, IL","4","3","4","3","57613","54572","3041","59225","55708","3517","59085","54522","4563","59434","52189","7245","61879","54429","7450","60885","54359","6526","59437","53439","5998","58105","52029","6076","10.5","57094","52377","4717","49487"
"17101","IL","Lawrence County, IL","7","9","7","9","8421","8021","400","8422","8020","402","8290","7682","608","8182","7362","820","6707","5988","719","6564","5875","689","6444","5806","638","6295","5674","621","9.9","6352","5871","481","39670"
"17103","IL","Lee County, IL","4","3","6","3","18524","17717","807","18624","17687","937","18220","16977","1243","18308","16391","1917","19252","17310","1942","18867","17129","1738","18236","16685","1551","18126","16621","1505","8.3","18153","16975","1178","53126"
"17105","IL","Livingston County, IL","4","5","4","3","18872","18098","774","19679","18808","871","19387","18258","1129","19293","17310","1983","19306","17390","1916","18846","17243","1603","18189","16769","1420","17688","16243","1445","8.2","17576","16444","1132","52819"
"17107","IL","Logan County, IL","6","5","6","5","13372","12762","610","13537","12891","646","13397","12516","881","13354","12116","1238","13955","12748","1207","13732","12656","1076","13515","12496","1019","13091","12023","1068","8.2","13097","12248","849","50991"
"17109","IL","McDonough County, IL","5","8","5","8","17275","16584","691","17292","16563","729","16892","15972","920","16951","15496","1455","15650","14310","1340","15154","13949","1205","14984","13834","1150","14625","13402","1223","8.4","14295","13304","991","41661"
"17111","IL","McHenry County, IL","1","1","1","1","173192","166580","6612","178885","171106","7779","180529","170098","10431","181149","163369","17780","168802","151014","17788","166572","150273","16299","167315","152447","14868","167111","152892","14219","8.5","166668","156033","10635","75713"
"17113","IL","McLean County, IL","3","2","3","2","88820","85830","2990","90552","87179","3373","90615","86181","4434","91493","84871","6622","96144","89353","6791","95403","89046","6357","94394","88329","6065","92480","86332","6148","6.6","90929","85893","5036","62261"
"17115","IL","Macon County, IL","3","2","3","2","53750","50935","2815","54603","51550","3053","54586","50876","3710","54824","48534","6290","55192","49032","6160","54946","49430","5516","54187","48777","5410","52468","46448","6020","11.5","50806","46400","4406","46179"
"17117","IL","Macoupin County, IL","1","1","1","1","24718","23447","1271","24830","23361","1469","24577","22762","1815","24007","21463","2544","24786","22229","2557","24768","22358","2410","24011","21732","2279","23429","21208","2221","9.5","23283","21550","1733","50089"
"17119","IL","Madison County, IL","1","1","1","1","138025","131298","6727","141006","133485","7521","139675","130675","9000","138514","124337","14177","138752","125137","13615","137767","125438","12329","135372","123435","11937","133020","121136","11884","8.9","132323","122984","9339","53864"
"17121","IL","Marion County, IL","4","3","4","3","18557","17496","1061","18907","17709","1198","18550","17022","1528","18338","16151","2187","19393","17296","2097","19124","17207","1917","18643","16805","1838","18116","16267","1849","10.2","17872","16478","1394","40969"
"17123","IL","Marshall County, IL","2","2","2","2","7243","6966","277","7345","7027","318","7235","6844","391","7117","6370","747","6423","5768","655","6339","5780","559","6203","5694","509","5892","5361","531","9","5787","5384","403","50899"
"17125","IL","Mason County, IL","6","6","6","6","7466","7039","427","7425","6943","482","7388","6811","577","7573","6642","931","7435","6524","911","7173","6408","765","6996","6296","700","6733","5990","743","11","6632","6054","578","45563"
"17127","IL","Massac County, IL","7","8","7","8","7460","7066","394","7668","7240","428","7412","6893","519","7161","6518","643","7075","6401","674","7125","6490","635","6563","5929","634","6400","5772","628","9.8","6350","5841","509","41373"
"17129","IL","Menard County, IL","3","2","3","2","6969","6695","274","6978","6671","307","6926","6547","379","6905","6394","511","7149","6613","536","7138","6625","513","6992","6501","491","6724","6247","477","7.1","6733","6347","386","60151"
"17131","IL","Mercer County, IL","2","2","2","2","9020","8544","476","8990","8508","482","8928","8333","595","8648","7756","892","8955","8062","893","8839","8098","741","8625","7951","674","8397","7730","667","7.9","8394","7805","589","53626"
"17133","IL","Monroe County, IL","1","1","1","1","18091","17400","691","18611","17829","782","18600","17638","962","18415","16979","1436","18009","16693","1316","18125","16903","1222","17904","16694","1210","17703","16510","1193","6.7","17727","16764","963","71604"
"17135","IL","Montgomery County, IL","6","6","6","4","13594","12773","821","13676","12784","892","13443","12295","1148","13332","11749","1583","13905","12195","1710","13665","12034","1631","13171","11691","1480","12597","11211","1386","11","12283","11203","1080","42614"
"17137","IL","Morgan County, IL","4","5","4","5","17737","16895","842","18106","17225","881","17943","16859","1084","17572","16153","1419","18420","16864","1556","18164","16681","1483","17762","16376","1386","17413","16016","1397","8","17199","16139","1060","48223"
"17139","IL","Moultrie County, IL","6","6","6","6","8174","7893","281","8192","7897","295","8014","7609","405","7857","7173","684","7683","7022","661","7465","6890","575","7376","6847","529","7091","6575","516","7.3","7062","6676","386","47645"
"17141","IL","Ogle County, IL","4","5","4","3","27336","25991","1345","28026","26481","1545","27925","25786","2139","27507","24082","3425","28218","24709","3509","27444","24300","3144","26607","23910","2697","25778","23214","2564","9.9","25530","23579","1951","51334"
"17143","IL","Peoria County, IL","2","2","2","2","95139","91183","3956","97797","93323","4474","98134","92524","5610","97678","86910","10768","96023","85935","10088","96253","87344","8909","96022","87961","8061","93518","84404","9114","9.7","91630","84525","7105","49827"
"17145","IL","Perry County, IL","7","9","6","6","10247","9565","682","10033","9209","824","9578","8668","910","9411","8283","1128","9595","8534","1061","9471","8501","970","9216","8227","989","8997","7992","1005","11.2","8857","8092","765","41931"
"17147","IL","Piatt County, IL","3","2","3","2","9249","8915","334","9084","8742","342","8957","8518","439","8881","8170","711","9170","8457","713","8823","8197","626","8551","7952","599","8375","7766","609","7.3","8394","7909","485","66279"
"17149","IL","Pike County, IL","7","9","7","9","8731","8361","370","8797","8400","397","8541","8049","492","8469","7787","682","8119","7398","721","7915","7281","634","7778","7192","586","7683","7104","579","7.5","7798","7347","451","39430"
"17151","IL","Pope County, IL","9","10","8","7","1953","1831","122","1976","1839","137","1937","1777","160","1901","1704","197","2038","1839","199","1980","1797","183","1889","1726","163","1830","1660","170","9.3","1800","1653","147","38676"
"17153","IL","Pulaski County, IL","9","10","8","7","2928","2733","195","2946","2738","208","2894","2628","266","2845","2529","316","2478","2172","306","2356","2076","280","2370","2102","268","2212","1937","275","12.4","2164","1940","224","34828"
"17155","IL","Putnam County, IL","8","5","8","5","3125","2970","155","3235","3049","186","3206","2982","224","3306","2857","449","3312","2913","399","3200","2871","329","3131","2838","293","3057","2748","309","10.1","3047","2808","239","58438"
"17157","IL","Randolph County, IL","6","4","6","4","15409","14696","713","15727","14913","814","15327","14324","1003","15203","13798","1405","15033","13708","1325","14811","13581","1230","14586","13358","1228","14373","13154","1219","8.5","14130","13177","953","44991"
"17159","IL","Richland County, IL","7","11","7","11","7662","7315","347","7836","7471","365","7529","7044","485","7275","6543","732","8014","7301","713","7813","7164","649","7539","6927","612","7383","6748","635","8.6","7141","6658","483","41985"
"17161","IL","Rock Island County, IL","2","2","2","2","79227","75841","3386","80369","76766","3603","79328","74998","4330","77840","70668","7172","76286","69017","7269","76000","69509","6491","75199","69143","6056","73532","67413","6119","8.3","73101","67942","5159","48160"
"17163","IL","St. Clair County, IL","1","1","1","1","123965","116861","7104","125692","118080","7612","125059","115708","9351","124016","110497","13519","133113","119417","13696","132943","119916","13027","130182","117672","12510","127677","115027","12650","9.9","126821","116777","10044","48343"
"17165","IL","Saline County, IL","7","8","6","6","12446","11784","662","12751","11941","810","12526","11521","1005","12658","11404","1254","11634","10449","1185","11655","10549","1106","11613","10564","1049","11241","10055","1186","10.6","10909","10020","889","39281"
"17167","IL","Sangamon County, IL","3","2","3","2","106674","102268","4406","108005","103218","4787","107713","101724","5989","107780","99740","8040","108729","100310","8419","108972","100854","8118","107167","99353","7814","103924","96185","7739","7.4","103918","97676","6242","55255"
"17169","IL","Schuyler County, IL","7","9","7","9","4447","4271","176","4447","4269","178","4346","4126","220","4229","3945","284","3696","3379","317","3655","3353","302","3558","3277","281","3491","3207","284","8.1","3541","3310","231","49808"
"17171","IL","Scott County, IL","9","8","9","8","2789","2645","144","2790","2648","142","2737","2576","161","2710","2499","211","2883","2634","249","2846","2614","232","2702","2470","232","2604","2372","232","8.9","2571","2395","176","46004"
"17173","IL","Shelby County, IL","6","6","6","6","11163","10651","512","11259","10721","538","11164","10443","721","11139","10042","1097","11210","10117","1093","11023","10017","1006","10771","9843","928","10301","9384","917","8.9","10109","9407","702","50569"
"17175","IL","Stark County, IL","2","2","2","2","2947","2812","135","3004","2852","152","2980","2792","188","2837","2543","294","3021","2734","287","2970","2714","256","2994","2753","241","2883","2606","277","9.6","2833","2620","213","52428"
"17177","IL","Stephenson County, IL","4","5","4","5","25422","24226","1196","25541","24248","1293","25454","23742","1712","25080","22221","2859","24694","21955","2739","24229","21842","2387","23475","21348","2127","22744","20575","2169","9.5","22265","20594","1671","42897"
"17179","IL","Tazewell County, IL","2","2","2","2","71492","68815","2677","73660","70563","3097","73747","69906","3841","73081","65372","7709","71666","64564","7102","71571","65615","5956","71348","66006","5342","69053","63041","6012","8.7","67781","63155","4626","57544"
"17181","IL","Union County, IL","7","9","6","6","8485","7990","495","8437","7863","574","8331","7621","710","8112","7204","908","7968","7017","951","7754","6855","899","7555","6730","825","7377","6542","835","11.3","7223","6573","650","42799"
"17183","IL","Vermilion County, IL","3","2","3","2","37720","35619","2101","37863","35545","2318","37389","34506","2883","37138","32854","4284","37975","33638","4337","37524","33790","3734","36998","33566","3432","36050","32199","3851","10.7","35643","32584","3059","44085"
"17185","IL","Wabash County, IL","6","6","7","11","6678","6373","305","6438","6088","350","6128","5687","441","6047","5419","628","5866","5290","576","5818","5295","523","5768","5303","465","5644","5211","433","7.7","5558","5219","339","47351"
"17187","IL","Warren County, IL","7","8","6","6","9047","8642","405","9232","8822","410","9250","8735","515","9232","8543","689","9298","8576","722","9138","8470","668","8917","8280","637","8817","8162","655","7.4","8714","8198","516","45770"
"17189","IL","Washington County, IL","6","4","6","4","8495","8174","321","8553","8165","388","8337","7842","495","8070","7417","653","8497","7882","615","8717","8143","574","9134","8550","584","8912","8352","560","6.3","9069","8627","442","53967"
"17191","IL","Wayne County, IL","7","9","7","9","8221","7875","346","8444","8048","396","8313","7790","523","8135","7324","811","8406","7650","756","8217","7551","666","8021","7398","623","7882","7260","622","7.9","7685","7171","514","42896"
"17193","IL","White County, IL","6","6","6","6","8001","7632","369","8035","7626","409","7829","7333","496","7697","7035","662","7580","6939","641","7427","6838","589","7264","6713","551","7029","6480","549","7.8","7042","6616","426","42621"
"17195","IL","Whiteside County, IL","4","5","4","5","30395","28843","1552","30904","29275","1629","30286","28251","2035","30420","27271","3149","29904","26821","3083","29682","26860","2822","29447","26844","2603","29396","26786","2610","8.9","28598","26570","2028","50489"
"17197","IL","Will County, IL","1","1","1","1","351244","336149","15095","361414","344122","17292","365147","342981","22166","366938","329028","37910","355667","316211","39456","354075","316725","37350","356856","322195","34661","358969","324147","34822","9.7","357282","330751","26531","74669"
"17199","IL","Williamson County, IL","5","8","3","2","35563","33916","1647","36347","34021","2326","35360","32921","2439","34652","31447","3205","32541","29373","3168","32333","29403","2930","31665","28932","2733","30977","28158","2819","9.1","30556","28309","2247","44041"
"17201","IL","Winnebago County, IL","2","2","2","2","144868","137319","7549","149201","140334","8867","147735","135296","12439","144984","123174","21810","150099","129018","21081","147529","129999","17530","145855","130462","15393","143149","128058","15091","10.5","142408","130532","11876","47214"
"17203","IL","Woodford County, IL","2","2","2","2","20953","20312","641","21530","20794","736","21724","20804","920","21245","19494","1751","20350","18779","1571","20527","19186","1341","20478","19239","1239","19922","18490","1432","7.2","19635","18535","1100","67036"
"18000","IN","Indiana",,,,,"3235110","3072113","162997","3207687","3061042","146645","3232097","3041828","190269","3193989","2864985","329004","3175192","2845608","329584","3182463","2892327","290136","3170442","2906201","264241","3191866","2947114","244752","7.7","3230540","3035581","194959","47508"
"18001","IN","Adams County, IN","6","5","6","5","16223","15512","711","15959","15277","682","15521","14334","1187","15118","12911","2207","16394","14740","1654","16162","14892","1270","15899","14768","1131","15920","14937","983","6.2","16386","15612","774","48001"
"18003","IN","Allen County, IN","2","2","2","2","182227","173072","9155","180707","172101","8606","181298","170481","10817","178193","159522","18671","175899","157070","18829","176179","159803","16376","173841","159282","14559","174352","161217","13135","7.5","175530","165370","10160","45587"
"18005","IN","Bartholomew County, IN","3","2","3","2","38176","36566","1610","38544","37156","1388","39559","37724","1835","38446","34763","3683","38378","34718","3660","40026","36986","3040","41423","38771","2652","41649","39143","2506","6","42798","40892","1906","54341"
"18007","IN","Benton County, IN","3","2","3","2","4612","4383","229","4337","4146","191","4405","4174","231","4284","3857","427","4661","4231","430","4649","4277","372","4555","4212","343","4477","4151","326","7.3","4561","4311","250","49318"
"18009","IN","Blackford County, IN","6","6","6","6","6717","6277","440","6550","6172","378","6484","5989","495","6413","5512","901","5846","5006","840","5525","4834","691","5459","4837","622","5448","4907","541","9.9","5297","4902","395","39373"
"18011","IN","Boone County, IN","1","1","1","1","28042","26994","1048","27960","26995","965","28429","27197","1232","28281","26091","2190","29387","27155","2232","29825","27815","2010","30256","28394","1862","31134","29339","1795","5.8","31774","30346","1428","68047"
"18013","IN","Brown County, IN","1","1","1","1","7957","7565","392","7614","7280","334","7587","7157","430","7450","6711","739","7564","6779","785","7424","6747","677","7320","6738","582","7324","6781","543","7.4","7461","7011","450","51074"
"18015","IN","Carroll County, IN","3","2","3","2","10559","10063","496","9926","9523","403","10170","9573","597","10015","8953","1062","10251","9236","1015","10124","9283","841","9988","9253","735","9922","9219","703","7.1","10082","9550","532","52587"
"18017","IN","Cass County, IN","4","5","4","5","18917","17888","1029","18673","17758","915","18803","17623","1180","18725","16477","2248","18846","16805","2041","18188","16469","1719","17782","16253","1529","17688","16327","1361","7.7","17831","16795","1036","41611"
"18019","IN","Clark County, IN","1","1","1","1","54998","52255","2743","55140","52748","2392","56064","53075","2989","56018","51137","4881","55303","50029","5274","55534","50612","4922","55428","51081","4347","56291","52398","3893","6.9","57432","54288","3144","50296"
"18021","IN","Clay County, IN","3","2","3","2","13167","12419","748","12878","12132","746","12870","11959","911","13005","11542","1463","13177","11709","1468","12995","11648","1347","12812","11547","1265","12602","11471","1131","9","12482","11626","856","47030"
"18023","IN","Clinton County, IN","6","5","6","3","16998","16139","859","16769","16013","756","16879","15956","923","16947","15123","1824","16895","15181","1714","16749","15306","1443","16573","15243","1330","16451","15271","1180","7.2","16665","15789","876","47279"
"18025","IN","Crawford County, IN","8","4","8","4","5307","4928","379","5238","4920","318","5388","4983","405","5214","4575","639","4918","4282","636","4868","4290","578","4789","4282","507","4843","4360","483","10","4908","4529","379","38014"
"18027","IN","Daviess County, IN","7","8","7","8","15096","14549","547","15123","14660","463","15202","14620","582","14933","14056","877","14743","13786","957","14892","13980","912","14795","13903","892","14888","14042","846","5.7","15149","14460","689","45578"
"18029","IN","Dearborn County, IN","1","1","1","1","26478","25053","1425","26093","24778","1315","26244","24707","1537","26096","23533","2563","25518","22746","2772","25340","22901","2439","24958","22760","2198","25153","23067","2086","8.3","25449","23801","1648","55077"
"18031","IN","Decatur County, IN","6","3","6","3","12505","11959","546","12309","11751","558","12681","11886","795","12627","11061","1566","12916","11412","1504","13018","11742","1276","13580","12483","1097","13888","12947","941","6.8","14254","13540","714","47666"
"18033","IN","DeKalb County, IN","4","5","4","5","21504","20190","1314","20698","19564","1134","20618","19119","1499","20352","17572","2780","20590","18133","2457","20495","18503","1992","20581","18856","1725","20978","19463","1515","7.2","21229","20099","1130","50279"
"18035","IN","Delaware County, IN","3","2","3","2","56847","53442","3405","55139","52222","2917","55469","51756","3713","55337","49432","5905","54710","48388","6322","54662","49108","5554","54921","49767","5154","54249","49548","4701","8.7","53717","49896","3821","37116"
"18037","IN","Dubois County, IN","7","8","5","8","22377","21567","810","22150","21470","680","22293","21435","858","22056","20410","1646","21921","20279","1642","21943","20608","1335","21593","20356","1237","21661","20501","1160","5.4","22027","21112","915","55606"
"18039","IN","Elkhart County, IN","3","2","3","2","104165","99257","4908","101303","96658","4645","97832","89437","8395","90688","74478","16210","94475","81876","12599","95431","85131","10300","96952","88213","8739","99190","91900","7290","7.3","102117","96812","5305","46123"
"18041","IN","Fayette County, IN","7","8","6","3","10829","9961","868","10431","9675","756","10078","8933","1145","9852","8359","1493","9767","8339","1428","9516","8318","1198","9172","8146","1026","9041","8100","941","10.4","9124","8395","729","40212"
"18043","IN","Floyd County, IN","1","1","1","1","38179","36298","1881","37949","36375","1574","38348","36392","1956","37975","34731","3244","37848","34495","3353","37768","34756","3012","37802","35102","2700","38573","36099","2474","6.4","39447","37407","2040","55844"
"18045","IN","Fountain County, IN","6","6","6","6","8750","8326","424","8652","8289","363","8652","8191","461","8407","7341","1066","8644","7629","1015","8625","7795","830","8542","7826","716","8370","7555","815","9.7","8224","7643","581","42732"
"18047","IN","Franklin County, IN","1","1","6","4","12051","11347","704","11785","11135","650","11887","11104","783","11598","10381","1217","11392","10085","1307","11218","10095","1123","10539","9555","984","10751","9846","905","8.4","10846","10140","706","53538"
"18049","IN","Fulton County, IN","7","9","7","9","10467","9906","561","10364","9863","501","10276","9602","674","9999","8726","1273","10331","9156","1175","10300","9358","942","10071","9228","843","9957","9137","820","8.2","9838","9216","622","44337"
"18051","IN","Gibson County, IN","2","2","6","6","17282","16501","781","16759","15994","765","16830","15956","874","16738","15275","1463","16892","15538","1354","17287","16017","1270","17409","16208","1201","18044","16977","1067","5.9","18502","17654","848","48579"
"18053","IN","Grant County, IN","4","5","4","3","32880","30550","2330","31680","29731","1949","32384","29924","2460","33063","29181","3882","33546","29659","3887","33444","29971","3473","32350","29196","3154","32514","29562","2952","9.1","32723","30439","2284","39325"
"18055","IN","Greene County, IN","3","2","6","6","16639","15692","947","15810","15000","810","16012","15025","987","15988","14627","1361","14387","12853","1534","14167","12711","1456","13780","12370","1410","13738","12365","1373","10","13788","12688","1100","43786"
"18057","IN","Hamilton County, IN","1","1","1","1","137011","132532","4479","140741","136618","4123","145147","139618","5529","145126","135556","9570","144824","135121","9703","148225","139527","8698","151201","143123","8078","155983","148054","7929","5.1","159577","153000","6577","84022"
"18059","IN","Hancock County, IN","1","1","1","1","35660","34202","1458","35818","34470","1348","36422","34669","1753","36104","33024","3080","35801","32483","3318","35780","32851","2929","35728","33114","2614","36105","33708","2397","6.6","36754","34852","1902","67738"
"18061","IN","Harrison County, IN","1","1","1","1","19789","18716","1073","19410","18538","872","19652","18495","1157","19525","17731","1794","18985","17114","1871","18755","17097","1658","18552","17128","1424","18722","17417","1305","7","19135","18052","1083","50321"
"18063","IN","Hendricks County, IN","1","1","1","1","71703","69080","2623","72418","70048","2370","74001","70815","3186","73661","68044","5617","74699","68833","5866","76040","70720","5320","76959","72044","4915","78779","74173","4606","5.8","80397","76644","3753","68575"
"18065","IN","Henry County, IN","4","3","4","3","22774","21443","1331","22464","21164","1300","22721","21133","1588","22785","19898","2887","21386","18421","2965","21289","18840","2449","21143","19022","2121","21333","19448","1885","8.8","21527","20047","1480","42133"
"18067","IN","Howard County, IN","3","2","3","2","38857","36295","2562","37588","35523","2065","37112","34221","2891","35612","30352","5260","35798","31292","4506","36061","32292","3769","35930","32665","3265","36466","33483","2983","8.2","37099","34739","2360","45211"
"18069","IN","Huntington County, IN","6","5","6","5","20601","19511","1090","20025","19076","949","20177","18830","1347","19731","17203","2528","19034","16769","2265","19152","17272","1880","18578","16954","1624","18525","17109","1416","7.6","18590","17506","1084","44828"
"18071","IN","Jackson County, IN","4","5","4","5","22152","21178","974","21892","21036","856","21790","20629","1161","21252","18886","2366","20471","18318","2153","20550","18754","1796","20483","18961","1522","20870","19514","1356","6.5","21289","20212","1077","49614"
"18073","IN","Jasper County, IN","1","1","1","1","15485","14696","789","15511","14775","736","15750","14832","918","15686","14090","1596","16137","14452","1685","16093","14635","1458","15972","14674","1298","15966","14717","1249","7.8","16112","15013","1099","53757"
"18075","IN","Jay County, IN","6","6","6","6","11759","11226","533","11609","11105","504","11751","11070","681","11365","10084","1281","10688","9555","1133","10460","9520","940","10065","9272","793","10036","9266","770","7.7","10194","9602","592","41847"
"18077","IN","Jefferson County, IN","6","3","6","3","17371","16521","850","17081","16243","838","16745","15727","1018","16573","14772","1801","15460","13705","1755","15172","13689","1483","15206","13932","1274","15295","14116","1179","7.7","15196","14279","917","44569"
"18079","IN","Jennings County, IN","6","5","6","5","13828","13020","808","13665","12964","701","13793","12806","987","13626","11773","1853","13300","11578","1722","13344","11805","1539","13114","11763","1351","13050","11847","1203","9.2","13072","12180","892","44554"
"18081","IN","Johnson County, IN","1","1","1","1","72913","70068","2845","73207","70649","2558","75191","71678","3513","74520","68356","6164","71580","65265","6315","72029","66477","5552","72563","67506","5057","73774","69140","4634","6.3","75262","71472","3790","58936"
"18083","IN","Knox County, IN","4","5","5","8","19427","18502","925","19724","18934","790","20188","19172","1016","19814","18345","1469","18516","17002","1514","18455","17086","1369","18717","17385","1332","18648","17390","1258","6.7","18845","17845","1000","44091"
"18085","IN","Kosciusko County, IN","4","5","4","5","41891","39840","2051","41085","39272","1813","42069","39317","2752","41388","36272","5116","39217","34890","4327","38974","35494","3480","38754","35766","2988","39777","37151","2626","6.6","40312","38323","1989","51603"
"18087","IN","LaGrange County, IN","6","6","6","6","17512","16604","908","17028","16196","832","16600","15170","1430","15541","12838","2703","16566","14570","1996","16671","15169","1502","17100","15885","1215","17572","16521","1051","6","18154","17328","826","51810"
"18089","IN","Lake County, IN","1","1","1","1","227320","214057","13263","226108","214416","11692","228369","214202","14167","226034","201966","24068","229075","204341","24734","229399","207362","22037","229022","208032","20990","230405","209286","21119","9.2","231350","212714","18636","48341"
"18091","IN","LaPorte County, IN","3","2","3","2","53223","50165","3058","52577","49915","2662","52700","49417","3283","52587","46350","6237","51323","45145","6178","50474","45223","5251","49727","44859","4868","49025","44425","4600","9.4","48934","45155","3779","46610"
"18093","IN","Lawrence County, IN","4","5","6","5","22817","21225","1592","22133","20696","1437","22064","20234","1830","21768","18901","2867","20723","18095","2628","20795","18377","2418","20560","18305","2255","20693","18590","2103","10.2","20463","18786","1677","44435"
"18095","IN","Madison County, IN","3","2","1","1","62274","58472","3802","60540","56701","3839","61422","57161","4261","62377","55572","6805","59392","52228","7164","58834","52415","6419","58004","52213","5791","58133","52708","5425","9.3","58691","54498","4193","41117"
"18097","IN","Marion County, IN","1","1","1","1","461468","438492","22976","460046","439218","20828","463200","437123","26077","457524","414853","42671","452724","404959","47765","455980","411005","44975","458042","416179","41863","463106","424410","38696","8.4","468845","438483","30362","41478"
"18099","IN","Marshall County, IN","6","5","6","5","23038","21800","1238","22795","21693","1102","23183","21490","1693","22539","19497","3042","23700","21047","2653","23626","21395","2231","23020","21117","1903","23161","21429","1732","7.5","23669","22346","1323","45855"
"18101","IN","Martin County, IN","6","6","7","9","5301","5041","260","5133","4933","200","5144","4894","250","5221","4841","380","5261","4864","397","5355","4944","411","5077","4718","359","4957","4642","315","6.4","4968","4702","266","46839"
"18103","IN","Miami County, IN","6","5","6","5","17090","16025","1065","16465","15532","933","16602","15283","1319","16177","13838","2339","15943","13952","1991","15947","14274","1673","15646","14117","1529","15641","14266","1375","8.8","15760","14692","1068","43694"
"18105","IN","Monroe County, IN","3","2","3","2","67510","64605","2905","68676","66116","2560","69809","66641","3168","70550","65986","4564","67719","62358","5361","67551","62480","5071","66751","61914","4837","66755","62163","4592","6.9","67249","63342","3907","42404"
"18107","IN","Montgomery County, IN","6","3","6","3","19721","18894","827","19251","18509","742","19090","18148","942","18789","16882","1907","18891","16965","1926","18715","17056","1659","18599","17076","1523","18422","17096","1326","7.2","18633","17601","1032","50889"
"18109","IN","Morgan County, IN","1","1","1","1","37596","35886","1710","36810","35273","1537","37519","35359","2160","36623","33260","3363","35017","31385","3632","34898","31641","3257","34677","31776","2901","34865","32227","2638","7.6","35384","33319","2065","56491"
"18111","IN","Newton County, IN","1","1","1","1","7046","6693","353","6967","6601","366","6971","6535","436","6834","6070","764","7073","6270","803","6988","6300","688","6916","6258","658","6910","6294","616","8.9","6915","6429","486","53715"
"18113","IN","Noble County, IN","6","5","6","5","23628","22180","1448","23161","21903","1258","22750","20822","1928","22161","18358","3803","23006","19979","3027","23142","20804","2338","22634","20676","1958","22661","20982","1679","7.4","23104","21879","1225","48789"
"18115","IN","Ohio County, IN","1","1","1","1","3107","2941","166","3026","2877","149","3044","2855","189","3088","2755","333","3262","2901","361","3211","2906","305","3177","2898","279","3164","2905","259","8.2","3218","2996","222","50518"
"18117","IN","Orange County, IN","6","4","6","4","9591","8898","693","10455","9918","537","10401","9738","663","10450","9333","1117","9108","7946","1162","8865","7817","1048","8771","7833","938","8712","7859","853","9.8","8534","7874","660","39411"
"18119","IN","Owen County, IN","3","2","3","2","11701","11076","625","11192","10641","551","11415","10685","730","11537","10449","1088","10313","9123","1190","10136","9000","1136","9818","8764","1054","9638","8677","961","10","9635","8859","776","42994"
"18121","IN","Parke County, IN","6","6","6","4","7939","7499","440","8025","7626","399","8053","7568","485","8032","7229","803","7295","6493","802","7144","6395","749","6991","6280","711","6927","6289","638","9.2","6951","6465","486","41964"
"18123","IN","Perry County, IN","6","9","6","6","9757","9255","502","9706","9275","431","9706","9204","502","9616","8635","981","8946","8002","944","9106","8284","822","8864","8126","738","8865","8180","685","7.7","9157","8614","543","45722"
"18125","IN","Pike County, IN","6","5","8","5","6174","5891","283","6007","5749","258","6032","5692","340","5850","5291","559","6198","5610","588","6230","5745","485","6130","5680","450","6272","5842","430","6.9","6447","6118","329","45679"
"18127","IN","Porter County, IN","1","1","1","1","82837","79186","3651","83076","79893","3183","84369","80333","4036","84211","76343","7868","81582","73851","7731","82207","75564","6643","82358","76116","6242","83242","77232","6010","7.2","83829","78511","5318","64530"
"18129","IN","Posey County, IN","2","2","2","2","13805","13196","609","13364","12796","568","13361","12711","650","13176","12102","1074","13491","12437","1054","13427","12500","927","13202","12302","900","12967","12138","829","6.4","13172","12529","643","58477"
"18131","IN","Pulaski County, IN","6","4","6","4","6865","6548","317","6800","6518","282","6799","6416","383","6750","6046","704","6449","5815","634","6403","5889","514","6266","5805","461","6151","5720","431","7","6189","5851","338","44821"
"18133","IN","Putnam County, IN","1","1","1","1","17716","16754","962","17518","16581","937","17701","16510","1191","17218","15341","1877","16670","14728","1942","16595","14801","1794","16324","14724","1600","16148","14776","1372","8.5","16357","15287","1070","51052"
"18135","IN","Randolph County, IN","6","6","6","6","12897","12009","888","12656","11942","714","12716","11839","877","12847","11311","1536","13105","11572","1533","13033","11681","1352","12753","11533","1220","12525","11430","1095","8.7","12542","11717","825","41057"
"18137","IN","Ripley County, IN","6","4","6","4","14405","13710","695","13911","13280","631","14051","13214","837","13765","12275","1490","14524","12895","1629","14943","13528","1415","13864","12605","1259","13662","12477","1185","8.7","13641","12726","915","47495"
"18139","IN","Rush County, IN","6","4","6","4","9502","9072","430","9448","9020","428","9232","8663","569","9086","8132","954","8688","7721","967","8590","7774","816","8371","7668","703","8296","7695","601","7.2","8524","8047","477","46910"
"18141","IN","St. Joseph County, IN","2","2","2","2","134792","127805","6987","132785","126293","6492","132903","124176","8727","129097","114259","14838","130430","115352","15078","130641","117398","13243","127839","115715","12124","127325","116159","11166","8.8","128906","120259","8647","40978"
"18143","IN","Scott County, IN","6","3","1","1","11393","10652","741","11053","10473","580","11099","10379","720","10951","9534","1417","10587","9192","1395","10379","9147","1232","10182","9135","1047","10240","9334","906","8.8","10369","9674","695","43650"
"18145","IN","Shelby County, IN","1","1","1","1","23906","22841","1065","23582","22557","1025","23816","22421","1395","23647","21179","2468","22709","20218","2491","22502","20382","2120","22295","20457","1838","22332","20727","1605","7.2","22714","21435","1279","49657"
"18147","IN","Spencer County, IN","8","7","8","7","10632","10101","531","10427","9992","435","10517","9985","532","10387","9431","956","11041","10075","966","11023","10175","848","10785","10003","782","10696","9976","720","6.7","10753","10185","568","50533"
"18149","IN","Starke County, IN","6","6","6","4","10586","9887","699","10453","9835","618","10701","9871","830","10729","9207","1522","10525","9133","1392","10262","9082","1180","10123","9051","1072","10215","9244","971","9.5","10246","9485","761","39552"
"18151","IN","Steuben County, IN","7","8","7","8","16623","15562","1061","16494","15506","988","16177","14965","1212","16301","13930","2371","18434","16381","2053","18576","16904","1672","18961","17539","1422","19399","18128","1271","6.6","19930","18924","1006","46275"
"18153","IN","Sullivan County, IN","3","2","3","2","9131","8577","554","8918","8426","492","8869","8275","594","8850","7971","879","9082","8167","915","8896","8065","831","8818","7983","835","8738","7926","812","9.3","8687","8045","642","41978"
"18155","IN","Switzerland County, IN","8","4","8","4","5678","5445","233","5687","5466","221","5695","5408","287","5673","5224","449","5016","4549","467","4962","4559","403","4888","4515","373","4886","4525","361","7.4","4824","4541","283","43243"
"18157","IN","Tippecanoe County, IN","3","2","3","2","80461","77005","3456","81511","78292","3219","83556","79617","3939","84263","76584","7679","86508","78841","7667","87484","80932","6552","88512","82314","6198","89784","83764","6020","6.7","91071","86421","4650","47808"
"18159","IN","Tipton County, IN","3","2","6","4","8025","7587","438","7708","7349","359","7599","7049","550","7216","6277","939","8044","7219","825","7960","7240","720","8025","7388","637","7992","7430","562","7","8144","7699","445","53185"
"18161","IN","Union County, IN","8","4","1","1","3903","3687","216","3619","3449","170","3603","3380","223","3527","3166","361","3728","3345","383","3668","3343","325","3559","3271","288","3527","3269","258","7.3","3581","3379","202","45411"
"18163","IN","Vanderburgh County, IN","2","2","2","2","91457","87051","4406","90815","86554","4261","91482","86733","4749","90591","83152","7439","92104","83871","8233","92754","85351","7403","91856","84804","7052","91031","84500","6531","7.2","92094","87043","5051","42014"
"18165","IN","Vermillion County, IN","3","2","3","2","8157","7623","534","7890","7447","443","7810","7245","565","7975","7010","965","7808","6797","1011","7649","6750","899","7471","6619","852","7337","6544","793","10.8","7277","6642","635","40813"
"18167","IN","Vigo County, IN","3","2","3","2","50269","47050","3219","50120","47466","2654","50403","47164","3239","50961","45807","5154","51115","45388","5727","50533","45316","5217","50162","45170","4992","49616","44926","4690","9.5","49306","45461","3845","39014"
"18169","IN","Wabash County, IN","6","5","6","5","17729","16743","986","16993","16173","820","16541","15299","1242","16331","14199","2132","15951","14129","1822","15708","14206","1502","15691","14365","1326","15452","14290","1162","7.5","15441","14570","871","45833"
"18171","IN","Warren County, IN","8","7","8","7","4791","4597","194","4991","4831","160","4795","4598","197","4646","4159","487","4207","3764","443","4280","3935","345","4193","3888","305","4164","3799","365","8.8","4121","3871","250","53623"
"18173","IN","Warrick County, IN","2","2","2","2","30960","29655","1305","30489","29304","1185","31044","29605","1439","31087","28692","2395","30809","28337","2472","31127","28914","2213","30817","28724","2093","30752","28808","1944","6.3","31233","29680","1553","61820"
"18175","IN","Washington County, IN","1","1","1","1","14296","13407","889","14011","13277","734","14106","13169","937","14037","12360","1677","13803","12115","1688","13511","12082","1429","13146","11932","1214","13120","12006","1114","8.5","13369","12480","889","43981"
"18177","IN","Wayne County, IN","5","8","5","8","34186","32174","2012","33800","31984","1816","33280","30915","2365","32296","28309","3987","31322","27302","4020","31003","27550","3453","30711","27661","3050","30590","27916","2674","8.7","31047","28980","2067","36623"
"18179","IN","Wells County, IN","2","2","2","2","15024","14368","656","14671","14062","609","14738","13907","831","14223","12705","1518","14133","12753","1380","14050","12894","1156","13716","12730","986","13673","12798","875","6.4","13836","13160","676","49452"
"18181","IN","White County, IN","6","6","6","6","12155","11544","611","12286","11744","542","12411","11694","717","12426","11052","1374","13106","11744","1362","13189","12054","1135","13001","11981","1020","12920","12020","900","7","13371","12671","700","48581"
"18183","IN","Whitley County, IN","2","2","2","2","17956","17094","862","17736","16943","793","17877","16741","1136","17854","15608","2246","17599","15575","2024","17319","15711","1608","16899","15560","1339","16782","15607","1175","7","16910","16024","886","52673"
"19000","IA","Iowa",,,,,"1657584","1596530","61054","1660677","1599332","61345","1679293","1608695","70598","1687411","1579248","108163","1678281","1577447","100834","1662881","1570433","92448","1648870","1565715","83155","1673590","1593835","79755","4.8","1704575","1629326","75249","52286"
"19001","IA","Adair County, IA","8","7","8","7","4431","4289","142","4400","4246","154","4377","4199","178","4239","3994","245","4105","3878","227","4096","3897","199","4037","3861","176","4071","3899","172","4.2","4175","4000","175","47905"
"19003","IA","Adams County, IA","9","12","9","12","2060","1966","94","2099","2012","87","2112","2022","90","2154","2023","131","2240","2132","108","2209","2111","98","2177","2091","86","2149","2070","79","3.7","2218","2140","78","44004"
"19005","IA","Allamakee County, IA","6","6","6","6","8182","7806","376","8163","7775","388","7886","7376","510","7558","6786","772","7917","7297","620","7752","7190","562","7579","7087","492","7653","7164","489","6.4","7777","7320","457","44673"
"19007","IA","Appanoose County, IA","7","9","7","9","6351","6008","343","5958","5551","407","6028","5695","333","6244","5703","541","6200","5749","451","6055","5635","420","5978","5583","395","5929","5546","383","6.5","6173","5805","368","37683"
"19009","IA","Audubon County, IA","8","7","8","7","3282","3151","131","3276","3148","128","3229","3083","146","3291","3099","192","3478","3284","194","3364","3171","193","3208","3054","154","3236","3077","159","4.9","3306","3158","148","47227"
"19011","IA","Benton County, IA","3","2","2","2","14556","13978","578","14271","13716","555","14425","13818","607","14745","13815","930","14331","13444","887","14122","13301","821","13738","13008","730","13719","13018","701","5.1","13900","13234","666","59179"
"19013","IA","Black Hawk County, IA","3","2","3","2","72210","69434","2776","72687","69979","2708","73726","70684","3042","74993","70415","4578","70989","66601","4388","70932","66794","4138","71032","67178","3854","71726","68047","3679","5.1","72478","68780","3698","46281"
"19015","IA","Boone County, IA","6","5","6","5","15528","15073","455","15484","14979","505","15658","15092","566","15821","14882","939","14846","13998","848","14660","13933","727","14531","13903","628","14877","14271","606","4.1","15248","14711","537","52578"
"19017","IA","Bremer County, IA","3","2","3","2","13942","13496","446","13831","13401","430","13913","13416","497","13892","13140","752","13864","13185","679","13846","13241","605","13829","13300","529","13993","13461","532","3.8","14215","13671","544","61665"
"19019","IA","Buchanan County, IA","6","6","6","6","11264","10784","480","11031","10571","460","11177","10718","459","11232","10490","742","11351","10672","679","11170","10537","633","10997","10467","530","11164","10632","532","4.8","11528","10972","556","54383"
"19021","IA","Buena Vista County, IA","7","8","7","8","10509","10165","344","10388","10060","328","10629","10245","384","10777","10212","565","11422","10882","540","11340","10828","512","11196","10731","465","11304","10855","449","4","11532","11056","476","47514"
"19023","IA","Butler County, IA","8","7","8","7","8258","7920","338","8260","7929","331","8502","8104","398","8502","7944","558","8200","7704","496","8173","7762","411","8191","7821","370","8259","7883","376","4.6","8410","8038","372","53920"
"19025","IA","Calhoun County, IA","9","10","9","10","5267","5089","178","5215","5045","170","5284","5098","186","5272","5000","272","4656","4376","280","4510","4253","257","4416","4173","243","4359","4132","227","5.2","4433","4208","225","47351"
"19027","IA","Carroll County, IA","7","11","7","11","12422","12098","324","12239","11918","321","12348","11993","355","12386","11864","522","11714","11209","505","11613","11145","468","11306","10883","423","11266","10886","380","3.4","11293","10921","372","51328"
"19029","IA","Cass County, IA","6","6","6","6","7650","7325","325","7605","7291","314","7607","7255","352","7671","7153","518","7410","6946","464","7292","6856","436","7174","6802","372","7288","6918","370","5.1","7430","7094","336","45191"
"19031","IA","Cedar County, IA","6","6","6","6","10788","10439","349","10899","10547","352","11324","10908","416","11457","10817","640","10989","10397","592","10876","10314","562","10635","10152","483","10809","10341","468","4.3","10938","10498","440","58530"
"19033","IA","Cerro Gordo County, IA","5","8","5","8","26133","25111","1022","25646","24645","1001","25711","24476","1235","25563","23792","1771","24565","22884","1681","24171","22683","1488","23661","22339","1322","23329","22062","1267","5.4","23373","22242","1131","46063"
"19035","IA","Cherokee County, IA","6","6","6","6","6561","6288","273","6624","6385","239","6493","6263","230","6614","6312","302","7089","6770","319","6938","6608","330","6838","6542","296","6839","6543","296","4.3","6680","6324","356","51655"
"19037","IA","Chickasaw County, IA","6","6","6","6","6461","6170","291","6535","6263","272","6891","6550","341","6962","6344","618","6555","6070","485","6491","6085","406","6278","5952","326","6365","6046","319","5","6541","6219","322","50342"
"19039","IA","Clarke County, IA","6","6","6","6","4746","4552","194","4826","4626","200","4908","4679","229","4937","4561","376","4785","4418","367","4686","4357","329","4602","4322","280","4585","4330","255","5.6","4729","4508","221","42776"
"19041","IA","Clay County, IA","7","8","7","8","9760","9436","324","9756","9453","303","9728","9392","336","9584","8931","653","9348","8800","548","9254","8750","504","8860","8414","446","8811","8412","399","4.5","8989","8601","388","51399"
"19043","IA","Clayton County, IA","8","7","8","7","9689","9200","489","9742","9273","469","9972","9423","549","9996","9139","857","10483","9738","745","10353","9704","649","10142","9562","580","10074","9501","573","5.7","10254","9723","531","48626"
"19045","IA","Clinton County, IA","4","5","4","5","27173","26108","1065","27443","26422","1021","28110","26915","1195","28228","26181","2047","26439","24581","1858","25852","24133","1719","25016","23475","1541","24907","23463","1444","5.8","24855","23492","1363","49702"
"19047","IA","Crawford County, IA","6","6","7","11","9364","9077","287","9302","8996","306","9391","9078","313","9558","9116","442","8983","8562","421","8820","8402","418","8733","8344","389","8766","8382","384","4.4","8772","8399","373","48555"
"19049","IA","Dallas County, IA","2","2","2","2","31214","30328","886","32546","31617","929","33950","32834","1116","34990","33263","1727","37296","35596","1700","38223","36591","1632","39059","37535","1524","40884","39403","1481","3.6","42082","40646","1436","79309"
"19051","IA","Davis County, IA","9","9","9","8","4141","3947","194","4080","3896","184","4069","3864","205","4054","3684","370","4253","3950","303","4189","3932","257","4083","3845","238","4122","3891","231","5.6","4142","3922","220","44477"
"19053","IA","Decatur County, IA","9","12","9","12","4233","4062","171","4196","4026","170","4273","4109","164","4205","3922","283","4466","4195","271","4344","4127","217","4232","4044","188","4299","4105","194","4.5","4461","4287","174","37534"
"19055","IA","Delaware County, IA","6","6","6","6","10732","10337","395","10770","10388","382","10841","10410","431","10883","10152","731","10362","9735","627","10254","9694","560","10229","9771","458","10385","9936","449","4.3","10585","10167","418","54587"
"19057","IA","Des Moines County, IA","5","8","5","8","21068","20070","998","21064","20134","930","20878","19653","1225","21189","19486","1703","20214","18710","1504","20308","18938","1370","20051","18808","1243","20496","19248","1248","6.1","20968","19879","1089","42882"
"19059","IA","Dickinson County, IA","7","8","7","8","9979","9572","407","9744","9364","380","9694","9265","429","9387","8719","668","9297","8666","631","9261","8674","587","9156","8638","518","9332","8833","499","5.3","9770","9296","474","58610"
"19061","IA","Dubuque County, IA","3","2","3","2","51906","49998","1908","52040","49974","2066","52196","49895","2301","52911","49417","3494","54224","51088","3136","54388","51638","2750","54476","52012","2464","55037","52525","2512","4.6","55858","53471","2387","51907"
"19063","IA","Emmet County, IA","7","9","7","9","6043","5798","245","5928","5710","218","5940","5703","237","5873","5387","486","5869","5457","412","5792","5464","328","5701","5444","257","5683","5448","235","4.1","5736","5498","238","46892"
"19065","IA","Fayette County, IA","6","6","6","6","11064","10561","503","10903","10425","478","10930","10344","586","10976","10031","945","11015","10228","787","11045","10356","689","10765","10180","585","10664","10099","565","5.3","10860","10294","566","44739"
"19067","IA","Floyd County, IA","7","9","7","9","8801","8387","414","8712","8323","389","8613","8106","507","8569","7819","750","8549","7930","619","8296","7755","541","8104","7597","507","8271","7812","459","5.5","8391","7993","398","48964"
"19069","IA","Franklin County, IA","7","9","7","9","5842","5617","225","5964","5755","209","5848","5587","261","5881","5446","435","6027","5651","376","5971","5665","306","5797","5538","259","5912","5648","264","4.5","6034","5784","250","47879"
"19071","IA","Fremont County, IA","8","6","8","6","3963","3814","149","3957","3798","159","3910","3733","177","3796","3535","261","3978","3743","235","3969","3739","230","3999","3794","205","4127","3951","176","4.3","4184","4014","170","50934"
"19073","IA","Greene County, IA","6","6","6","6","5060","4863","197","4989","4813","176","5079","4879","200","5122","4821","301","5201","4895","306","5189","4899","290","5103","4850","253","5122","4881","241","4.7","5340","5119","221","47936"
"19075","IA","Grundy County, IA","3","2","3","2","6912","6701","211","6805","6589","216","6875","6627","248","6957","6552","405","6755","6371","384","6704","6370","334","6634","6332","302","6597","6308","289","4.4","6736","6442","294","61381"
"19077","IA","Guthrie County, IA","2","2","2","2","6051","5828","223","5857","5634","223","5797","5543","254","5732","5372","360","5852","5474","378","5691","5343","348","5540","5229","311","5531","5245","286","5.2","5701","5445","256","53708"
"19079","IA","Hamilton County, IA","6","6","6","6","8806","8492","314","8645","8369","276","8578","8246","332","8263","7633","630","8083","7495","588","7474","6812","662","7034","6545","489","7043","6652","391","5.6","7146","6807","339","50867"
"19081","IA","Hancock County, IA","7","9","7","9","6130","5909","221","6038","5811","227","5948","5566","382","5652","5087","565","6070","5667","403","5944","5607","337","5968","5693","275","6209","5958","251","4","6329","6112","217","54835"
"19083","IA","Hardin County, IA","6","6","6","6","9149","8807","342","9057","8714","343","9265","8867","398","9372","8757","615","9133","8538","595","8988","8459","529","8734","8267","467","8694","8248","446","5.1","8782","8389","393","51907"
"19085","IA","Harrison County, IA","2","2","2","2","8063","7717","346","7780","7455","325","7748","7420","328","7703","7321","382","8001","7555","446","7820","7386","434","7517","7138","379","7506","7166","340","4.5","7691","7373","318","53764"
"19087","IA","Henry County, IA","7","9","6","6","10599","10040","559","10313","9830","483","10161","9613","548","9863","8944","919","9959","9133","826","9838","9162","676","9609","9026","583","9551","9038","513","5.4","9596","9158","438","50084"
"19089","IA","Howard County, IA","7","11","6","6","5322","5131","191","5243","5052","191","5215","4968","247","5097","4649","448","5339","5003","336","5325","5037","288","5189","4947","242","5229","4986","243","4.6","5363","5136","227","45975"
"19091","IA","Humboldt County, IA","7","9","7","9","5185","5014","171","5199","5039","160","5165","4974","191","5154","4848","306","5227","4957","270","5171","4911","260","5143","4926","217","5215","5001","214","4.1","5284","5075","209","52286"
"19093","IA","Ida County, IA","8","7","8","7","3968","3832","136","4035","3901","134","4200","4037","163","3985","3769","216","3846","3650","196","3794","3610","184","3764","3612","152","3812","3659","153","4","3915","3768","147","51948"
"19095","IA","Iowa County, IA","8","6","6","6","8837","8514","323","8612","8295","317","8658","8292","366","8596","7984","612","9661","9130","531","9612","9129","483","9570","9138","432","9924","9511","413","4.2","10266","9820","446","58028"
"19097","IA","Jackson County, IA","6","6","6","6","11256","10717","539","11174","10654","520","11304","10715","589","11240","10300","940","11106","10312","794","10992","10278","714","10790","10200","590","10842","10256","586","5.4","11042","10460","582","46180"
"19099","IA","Jasper County, IA","6","5","6","5","18315","17376","939","17936","16803","1133","17742","16376","1366","17834","16304","1530","19026","17637","1389","18621","17362","1259","18520","17394","1126","19064","18077","987","5.2","19463","18567","896","55492"
"19101","IA","Jefferson County, IA","7","9","7","8","8308","7958","350","8370","8027","343","8435","8056","379","8272","7559","713","8956","8321","635","8823","8290","533","8747","8279","468","8925","8478","447","5","9104","8695","409","41942"
"19103","IA","Johnson County, IA","3","2","3","2","75601","73630","1971","77590","75493","2097","79270","76874","2396","80726","77133","3593","79267","75917","3350","79686","76470","3216","80078","77136","2942","82707","79875","2832","3.4","84241","81572","2669","53204"
"19105","IA","Jones County, IA","3","2","2","2","10513","10107","406","10453","10021","432","10548","10073","475","10776","10005","771","11108","10402","706","10917","10282","635","10650","10088","562","10731","10157","574","5.3","10903","10343","560","54749"
"19107","IA","Keokuk County, IA","8","7","8","7","5820","5585","235","5629","5394","235","5641","5383","258","5711","5255","456","5548","5186","362","5473","5137","336","5410","5113","297","5475","5196","279","5.1","5598","5342","256","47626"
"19109","IA","Kossuth County, IA","7","11","7","11","9047","8752","295","8980","8658","322","9039","8679","360","8981","8453","528","8381","7955","426","8355","7991","364","8362","8038","324","8470","8168","302","3.6","8690","8398","292","55972"
"19111","IA","Lee County, IA","5","8","5","8","17491","16406","1085","17332","16341","991","17461","16312","1149","17434","15650","1784","17741","16167","1574","17462","16022","1440","17450","16179","1271","17140","15897","1243","7.3","17693","16585","1108","45307"
"19113","IA","Linn County, IA","3","2","2","2","116249","112017","4232","118163","113836","4327","121196","116264","4932","123192","115728","7464","120123","112941","7182","119403","112619","6784","118569","112389","6180","119637","113616","6021","5","120339","114818","5521","56503"
"19115","IA","Louisa County, IA","8","5","8","7","6432","6188","244","6431","6196","235","6374","6066","308","5983","5488","495","5964","5531","433","5911","5546","365","5774","5456","318","5849","5551","298","5.1","5965","5685","280","51387"
"19117","IA","Lucas County, IA","6","6","6","6","4945","4741","204","4774","4590","184","4656","4463","193","4690","4390","300","4233","3974","259","4186","3965","221","4172","3974","198","4244","4044","200","4.7","4323","4147","176","41011"
"19119","IA","Lyon County, IA","8","6","8","6","6666","6513","153","6681","6521","160","6830","6648","182","6922","6626","296","6405","6158","247","6776","6564","212","6814","6613","201","6849","6650","199","2.9","7074","6887","187","60548"
"19121","IA","Madison County, IA","2","2","2","2","8400","8068","332","8278","7937","341","8330","7927","403","8276","7718","558","8460","7917","543","8278","7782","496","8114","7662","452","8089","7676","413","5.1","8320","7931","389","59074"
"19123","IA","Mahaska County, IA","7","8","7","8","11829","11396","433","11747","11322","425","11816","11276","540","11852","10870","982","11915","11114","801","11840","11146","694","11608","11006","602","11648","11084","564","4.8","11938","11394","544","48978"
"19125","IA","Marion County, IA","6","6","6","6","17894","17272","622","17815","17179","636","17807","17088","719","17487","16320","1167","17600","16557","1043","17168","16231","937","17023","16202","821","17314","16538","776","4.5","17534","16840","694","56883"
"19127","IA","Marshall County, IA","4","5","4","5","20816","20041","775","20469","19644","825","20502","19442","1060","20623","19113","1510","20156","18778","1378","20059","18732","1327","19756","18480","1276","19796","18597","1199","6.1","20008","18888","1120","51382"
"19129","IA","Mills County, IA","2","2","2","2","8421","8104","317","8086","7787","299","8110","7811","299","7963","7598","365","7610","7211","399","7448","7080","368","7245","6912","333","7323","7000","323","4.4","7528","7190","338","56504"
"19131","IA","Mitchell County, IA","7","9","7","9","5447","5263","184","5571","5386","185","5761","5525","236","5836","5493","343","5734","5437","297","5653","5385","268","5537","5285","252","5506","5268","238","4.3","5522","5320","202","53049"
"19133","IA","Monona County, IA","6","6","6","6","4665","4411","254","4585","4334","251","4614","4364","250","4568","4226","342","4887","4535","352","4775","4444","331","4526","4234","292","4625","4357","268","5.8","4790","4541","249","41461"
"19135","IA","Monroe County, IA","7","9","7","9","4212","4044","168","4174","4002","172","4215","4026","189","4337","4008","329","4097","3801","296","4034","3763","271","3968","3740","228","4025","3794","231","5.7","4109","3894","215","49012"
"19137","IA","Montgomery County, IA","6","6","6","6","5838","5514","324","5554","5209","345","5411","5099","312","5271","4800","471","5248","4825","423","5037","4739","298","5019","4763","256","5121","4869","252","4.9","5187","4964","223","44669"
"19139","IA","Muscatine County, IA","4","5","4","5","24051","23280","771","23997","23188","809","23935","22878","1057","23877","21801","2076","21815","20074","1741","21414","20005","1409","21177","19969","1208","21688","20553","1135","5.2","22164","21118","1046","54025"
"19141","IA","OBrien County, IA","7","9","7","9","7730","7496","234","7741","7508","233","7798","7537","261","7889","7471","418","8146","7767","379","8105","7766","339","8018","7714","304","8039","7745","294","3.7","8230","7948","282","57287"
"19143","IA","Osceola County, IA","7","9","7","9","3418","3300","118","3349","3238","111","3394","3263","131","3324","3119","205","3670","3489","181","3529","3371","158","3375","3235","140","3408","3277","131","3.8","3461","3341","120","51017"
"19145","IA","Page County, IA","7","11","6","6","8361","8038","323","8375","7991","384","8154","7761","393","7864","7189","675","7131","6648","483","6860","6467","393","6657","6299","358","6552","6204","348","5.3","6639","6331","308","47438"
"19147","IA","Palo Alto County, IA","7","9","7","9","5361","5188","173","5437","5254","183","5440","5208","232","5320","4943","377","4845","4553","292","4775","4551","224","4744","4542","202","4775","4595","180","3.8","4859","4675","184","49536"
"19149","IA","Plymouth County, IA","6","6","3","2","14410","13958","452","14433","13994","439","14333","13851","482","14499","13824","675","14568","13916","652","14250","13615","635","14153","13575","578","14485","13902","583","4","14827","14301","526","58113"
"19151","IA","Pocahontas County, IA","9","10","9","10","4101","3976","125","4132","4001","131","4239","4104","135","4132","3895","237","4057","3850","207","4082","3903","179","4151","3984","167","4191","4031","160","3.8","4383","4225","158","50401"
"19153","IA","Polk County, IA","2","2","2","2","233878","225888","7990","237576","229306","8270","240951","231148","9803","243967","229011","14956","244947","230346","14601","243022","229244","13778","243482","230881","12601","250319","238217","12102","4.8","256666","245459","11207","59388"
"19155","IA","Pottawattamie County, IA","2","2","2","2","49273","47098","2175","48121","46077","2044","48610","46542","2068","48372","45904","2468","50344","47437","2907","49547","46777","2770","48329","45888","2441","48615","46383","2232","4.6","49647","47450","2197","50570"
"19157","IA","Poweshiek County, IA","7","9","7","9","10627","10221","406","10749","10329","420","10485","10004","481","10300","9598","702","10570","9958","612","10398","9818","580","10130","9637","493","10340","9859","481","4.7","10379","9917","462","50799"
"19159","IA","Ringgold County, IA","9","12","9","12","2472","2373","99","2455","2353","102","2426","2315","111","2453","2317","136","2615","2492","123","2601","2481","120","2531","2419","112","2513","2405","108","4.3","2548","2446","102","47319"
"19161","IA","Sac County, IA","9","10","9","10","5883","5687","196","5798","5599","199","5782","5566","216","5800","5505","295","5716","5449","267","5619","5370","249","5488","5256","232","5513","5280","233","4.2","5585","5357","228","51399"
"19163","IA","Scott County, IA","2","2","2","2","88926","85553","3373","88870","85553","3317","90457","86607","3850","90578","84168","6410","86880","81101","5779","86769","81418","5351","86699","81695","5004","87815","82864","4951","5.6","88327","83519","4808","54444"
"19165","IA","Shelby County, IA","6","6","6","6","7417","7183","234","7539","7295","244","7585","7352","233","7600","7296","304","6612","6312","300","6718","6428","290","6973","6711","262","6938","6676","262","3.8","7068","6838","230","54740"
"19167","IA","Sioux County, IA","6","6","7","11","19336","18863","473","19339","18850","489","19727","19168","559","19721","18862","859","19671","18900","771","19533","18813","720","19323","18657","666","19560","18881","679","3.5","20260","19644","616","61817"
"19169","IA","Story County, IA","3","2","3","2","47827","46579","1248","48044","46713","1331","48815","47260","1555","49361","47021","2340","53344","51104","2240","53217","51119","2098","53183","51290","1893","54733","52902","1831","3.3","56826","55157","1669","53782"
"19171","IA","Tama County, IA","6","6","6","6","8966","8590","376","8983","8594","389","8941","8462","479","8974","8326","648","9357","8755","602","9194","8630","564","9067","8521","546","9109","8596","513","5.6","9217","8705","512","53844"
"19173","IA","Taylor County, IA","9","10","9","10","3397","3265","132","3357","3221","136","3370","3234","136","3377","3145","232","3189","3012","177","3151","3002","149","3133","3006","127","3165","3044","121","3.8","3266","3141","125","45009"
"19175","IA","Union County, IA","6","6","6","6","6477","6214","263","6580","6312","268","6710","6402","308","6932","6475","457","7019","6623","396","6959","6593","366","6834","6489","345","6894","6556","338","4.9","6858","6522","336","43357"
"19177","IA","Van Buren County, IA","9","10","9","10","3925","3757","168","3951","3783","168","3950","3757","193","3850","3511","339","3971","3682","289","3852","3607","245","3790","3570","220","3834","3621","213","5.6","3926","3741","185","43019"
"19179","IA","Wapello County, IA","5","8","5","8","18807","17961","846","18850","18034","816","18877","17925","952","18907","17254","1653","18508","17054","1454","18127","16824","1303","17856","16604","1252","18134","16977","1157","6.4","18264","17218","1046","40629"
"19181","IA","Warren County, IA","2","2","2","2","25327","24514","813","25475","24644","831","25753","24771","982","25913","24391","1522","26357","24871","1486","25958","24611","1347","25815","24585","1230","26331","25142","1189","4.5","26998","25898","1100","66328"
"19183","IA","Washington County, IA","3","2","3","2","12455","12084","371","11943","11536","407","12018","11526","492","11924","11262","662","12422","11789","633","12315","11738","577","12117","11608","509","12268","11804","464","3.8","12576","12113","463","54480"
"19185","IA","Wayne County, IA","9","12","9","12","3211","3083","128","3208","3063","145","3246","3109","137","3236","3031","205","2876","2699","177","2824","2668","156","2784","2633","151","2849","2701","148","5.2","2896","2745","151","38981"
"19187","IA","Webster County, IA","5","8","5","8","19822","19048","774","19830","19045","785","20058","19181","877","19819","18350","1469","20145","18748","1397","19797","18399","1398","19240","18012","1228","19757","18695","1062","5.4","19887","18884","1003","45202"
"19189","IA","Winnebago County, IA","7","9","7","9","5814","5608","206","5767","5568","199","5922","5540","382","5771","5227","544","5820","5431","389","5449","5118","331","5105","4831","274","5165","4916","249","4.8","5256","5026","230","50383"
"19191","IA","Winneshiek County, IA","7","11","7","11","12556","12106","450","12425","11973","452","12390","11851","539","12268","11501","767","12295","11616","679","12115","11511","604","11854","11308","546","11887","11334","553","4.7","12149","11612","537","53194"
"19193","IA","Woodbury County, IA","3","2","3","2","54183","51888","2295","54875","52748","2127","55927","53765","2162","55996","52811","3185","55997","52313","3684","54569","51439","3130","54136","51311","2825","55198","52543","2655","4.8","56358","53795","2563","45678"
"19195","IA","Worth County, IA","9","8","9","8","4582","4409","173","4525","4356","169","4576","4336","240","4486","4165","321","4342","4027","315","4288","4014","274","4211","3981","230","4183","3966","217","5.2","4224","4026","198","49605"
"19197","IA","Wright County, IA","7","9","7","9","7175","6917","258","7003","6729","274","7113","6795","318","7047","6528","519","6857","6366","491","6793","6323","470","6776","6411","365","6843","6534","309","4.5","7006","6707","299","49369"
"20000","KS","Kansas",,,,,"1467095","1402796","64299","1483458","1420449","63009","1499676","1430628","69048","1518207","1413873","104334","1500764","1394958","105806","1491258","1394230","97028","1484016","1398681","85335","1486764","1407562","79202","5.3","1500353","1432359","67994","50892"
"20001","KS","Allen County, KS","7","11","7","11","7535","7221","314","7497","7194","303","7408","7069","339","7536","6947","589","7010","6429","581","7030","6468","562","6852","6365","487","6890","6473","417","6.1","6964","6617","347","40073"
"20003","KS","Anderson County, KS","6","4","6","4","4165","3963","202","4144","3949","195","4339","4130","209","4482","4140","342","4572","4220","352","4490","4148","342","4296","4015","281","4242","3994","248","5.8","4250","4034","216","42386"
"20005","KS","Atchison County, KS","6","3","6","3","8723","8309","414","8781","8376","405","8854","8446","408","8861","8046","815","7938","7154","784","7922","7210","712","7821","7221","600","7770","7112","658","8.5","7714","7216","498","44180"
"20007","KS","Barber County, KS","9","12","9","12","2598","2514","84","2618","2534","84","2754","2664","90","2921","2791","130","2769","2644","125","2779","2667","112","2728","2621","107","2763","2652","111","4","2717","2632","85","50097"
"20009","KS","Barton County, KS","7","8","7","8","15405","14871","534","14869","14351","518","15624","15106","518","16047","15143","904","15001","14100","901","15038","14253","785","14950","14274","676","15105","14489","616","4.1","15618","15065","553","42464"
"20011","KS","Bourbon County, KS","6","4","6","4","9149","8793","356","8857","8465","392","8517","8103","414","8794","8181","613","7223","6572","651","6873","6260","613","6705","6193","512","6867","6425","442","6.4","7110","6739","371","35990"
"20013","KS","Brown County, KS","6","6","6","6","5678","5458","220","5509","5282","227","5558","5316","242","5914","5581","333","5266","4917","349","5187","4877","310","5232","4950","282","5458","5183","275","5","5451","5227","224","41426"
"20015","KS","Butler County, KS","2","2","2","2","32135","30658","1477","32414","31075","1339","32739","31296","1443","32715","30311","2404","33009","30447","2562","32458","30174","2284","31984","29971","2013","31847","30070","1777","5.6","32034","30470","1564","56456"
"20017","KS","Chase County, KS","8","5","9","10","1691","1624","67","1584","1520","64","1469","1408","61","1546","1464","82","1442","1361","81","1338","1265","73","1324","1254","70","1252","1181","71","5.7","1253","1203","50","44300"
"20019","KS","Chautauqua County, KS","9","10","8","7","1889","1793","96","1781","1697","84","1860","1775","85","1868","1704","164","1740","1583","157","1697","1559","138","1692","1582","110","1620","1520","100","6.2","1605","1517","88","38973"
"20021","KS","Cherokee County, KS","6","6","6","6","10691","10142","549","11108","10565","543","11210","10628","582","11606","10630","976","10798","9817","981","10797","9925","872","10560","9735","825","10496","9831","665","6.3","10385","9862","523","40310"
"20023","KS","Cheyenne County, KS","9","12","9","12","1476","1425","51","1416","1366","50","1476","1429","47","1530","1476","54","1405","1348","57","1347","1289","58","1329","1281","48","1310","1265","45","3.4","1312","1271","41","39317"
"20025","KS","Clark County, KS","9","10","9","10","1197","1159","38","1206","1169","37","1251","1211","40","1279","1232","47","1223","1169","54","1211","1165","46","1200","1158","42","1188","1151","37","3.1","1154","1123","31","42866"
"20027","KS","Clay County, KS","7","9","6","6","4958","4789","169","5067","4897","170","5170","4993","177","5290","5054","236","4631","4374","257","4389","4141","248","4243","4023","220","4197","3984","213","5.1","4250","4064","186","48178"
"20029","KS","Cloud County, KS","7","9","7","9","5885","5686","199","5590","5391","199","5581","5376","205","5816","5559","257","4654","4392","262","4527","4279","248","4569","4340","229","4455","4260","195","4.4","4439","4253","186","40663"
"20031","KS","Coffey County, KS","6","4","6","6","5314","5055","259","5101","4871","230","5373","5118","255","5576","5253","323","4847","4479","368","4644","4285","359","4512","4199","313","4943","4652","291","5.9","5010","4731","279","53487"
"20033","KS","Comanche County, KS","9","12","9","12","1088","1057","31","1079","1046","33","1112","1076","36","1105","1066","39","994","949","45","980","937","43","998","959","39","1034","998","36","3.5","971","941","30","44076"
"20035","KS","Cowley County, KS","4","5","4","5","18154","17367","787","18211","17486","725","18142","17333","809","18586","17295","1291","17259","15906","1353","17087","15898","1189","17193","16136","1057","17173","16171","1002","5.8","17382","16577","805","42341"
"20037","KS","Crawford County, KS","4","5","4","5","19331","18343","988","20216","19230","986","19905","18845","1060","20225","18497","1728","19356","17672","1684","19170","17654","1516","19268","17986","1282","19293","18149","1144","5.9","19312","18286","1026","36958"
"20039","KS","Decatur County, KS","9","12","9","12","1679","1623","56","1664","1612","52","1784","1729","55","1815","1748","67","1457","1384","73","1416","1347","69","1400","1338","62","1361","1307","54","4","1333","1285","48","37789"
"20041","KS","Dickinson County, KS","7","9","7","9","10566","10145","421","10611","10199","412","10715","10289","426","10918","10350","568","10234","9557","677","10111","9443","668","10050","9442","608","9864","9280","584","5.9","9933","9437","496","49033"
"20043","KS","Doniphan County, KS","3","2","3","2","4496","4273","223","4551","4333","218","4487","4237","250","4634","4152","482","4540","4139","401","4453","4105","348","4389","4113","276","4340","4103","237","5.5","4321","4126","195","46338"
"20045","KS","Douglas County, KS","3","2","3","2","62560","60180","2380","62110","59692","2418","61712","59114","2598","63191","59579","3612","64379","60574","3805","63758","60147","3611","63445","60173","3272","63574","60497","3077","4.8","64754","62128","2626","51221"
"20047","KS","Edwards County, KS","9","10","9","10","1715","1663","52","1636","1580","56","1756","1707","49","1804","1728","76","1683","1593","90","1665","1590","75","1641","1574","67","1607","1547","60","3.7","1606","1554","52","45687"
"20049","KS","Elk County, KS","8","7","8","7","1465","1394","71","1423","1341","82","1462","1379","83","1527","1402","125","1414","1296","118","1381","1277","104","1344","1254","90","1323","1249","74","5.6","1310","1244","66","37537"
"20051","KS","Ellis County, KS","5","8","5","8","17198","16724","474","17143","16666","477","17372","16843","529","18090","17388","702","17642","16946","696","17844","17211","633","18004","17385","619","18053","17482","571","3.2","18201","17703","498","47454"
"20053","KS","Ellsworth County, KS","7","9","7","9","3660","3539","121","3690","3566","124","3872","3744","128","3874","3712","162","3395","3235","160","3491","3349","142","3484","3361","123","3449","3333","116","3.4","3437","3334","103","48030"
"20055","KS","Finney County, KS","5","8","5","8","18113","17485","628","17903","17291","612","19131","18452","679","19742","18875","867","20174","19255","919","20746","19859","887","20137","19234","903","19992","19130","862","4.3","20340","19644","696","46984"
"20057","KS","Ford County, KS","5","8","5","8","17080","16536","544","16647","16121","526","18094","17544","550","18924","18263","661","18114","17361","753","18274","17485","789","18807","18077","730","18639","17888","751","4","18486","17790","696","46444"
"20059","KS","Franklin County, KS","1","1","6","3","13771","13060","711","13817","13115","702","13782","13008","774","13658","12407","1251","14363","13070","1293","13993","12818","1175","13969","12947","1022","13984","13112","872","6.2","14173","13444","729","48297"
"20061","KS","Geary County, KS","5","8","4","5","11288","10695","593","11921","11397","524","13568","12933","635","14117","13077","1040","13359","12136","1223","13165","11965","1200","12782","11685","1097","12629","11570","1059","8.4","12407","11532","875","41048"
"20063","KS","Gove County, KS","9","12","9","12","1522","1480","42","1502","1457","45","1516","1474","42","1623","1575","48","1505","1454","51","1498","1448","50","1511","1466","45","1489","1439","50","3.4","1501","1461","40","48042"
"20065","KS","Graham County, KS","9","12","9","12","1449","1402","47","1481","1435","46","1520","1469","51","1485","1419","66","1389","1323","66","1417","1358","59","1385","1338","47","1352","1295","57","4.2","1327","1282","45","44422"
"20067","KS","Grant County, KS","7","11","7","9","3914","3800","114","3957","3845","112","4002","3887","115","4156","3994","162","4202","4021","181","4104","3932","172","3984","3828","156","3993","3848","145","3.6","3969","3834","135","54952"
"20069","KS","Gray County, KS","9","10","9","10","3186","3095","91","3155","3071","84","3323","3236","87","3476","3371","105","3489","3376","113","3585","3466","119","3558","3447","111","3489","3384","105","3","3503","3409","94","56615"
"20071","KS","Greeley County, KS","9","12","9","12","734","711","23","698","675","23","731","703","28","733","705","28","827","799","28","842","816","26","883","856","27","909","887","22","2.4","896","877","19","50637"
"20073","KS","Greenwood County, KS","6","6","6","6","3529","3366","163","3570","3404","166","3628","3436","192","3579","3341","238","3441","3181","260","3466","3236","230","3422","3231","191","3360","3180","180","5.4","3337","3186","151","35803"
"20075","KS","Hamilton County, KS","9","12","9","10","1261","1220","41","1250","1207","43","1288","1244","44","1344","1291","53","1825","1768","57","1747","1698","49","1823","1774","49","1715","1666","49","2.9","1687","1648","39","42263"
"20077","KS","Harper County, KS","8","7","8","7","3435","3324","111","3395","3292","103","3438","3328","110","3469","3293","176","2937","2753","184","2895","2731","164","3104","2969","135","3106","2980","126","4.1","3019","2908","111","43066"
"20079","KS","Harvey County, KS","2","2","2","2","17907","17117","790","17969","17301","668","18086","17376","710","18262","16976","1286","17774","16497","1277","17402","16331","1071","17241","16295","946","17123","16282","841","4.9","17225","16494","731","54135"
"20081","KS","Haskell County, KS","9","10","9","10","2099","2039","60","2152","2090","62","2193","2133","60","2299","2222","77","2445","2357","88","2414","2329","85","2460","2377","83","2390","2320","70","2.9","2396","2334","62","53076"
"20083","KS","Hodgeman County, KS","9","10","9","10","963","929","34","903","867","36","944","912","32","953","915","38","1085","1045","40","1109","1067","42","1109","1071","38","1116","1073","43","3.9","1050","1014","36","49119"
"20085","KS","Jackson County, KS","3","2","3","2","6916","6546","370","6945","6561","384","6872","6476","396","7038","6548","490","7509","7046","463","7421","6974","447","7341","6925","416","7290","6918","372","5.1","7350","7042","308","50661"
"20087","KS","Jefferson County, KS","3","2","3","2","9700","9238","462","9606","9127","479","9615","9109","506","9723","8986","737","10671","9871","800","10452","9708","744","10232","9610","622","10195","9607","588","5.8","10271","9771","500","54890"
"20089","KS","Jewell County, KS","9","12","9","12","1900","1841","59","1918","1863","55","1950","1888","62","1995","1911","84","1558","1473","85","1528","1456","72","1448","1386","62","1422","1370","52","3.7","1386","1331","55","41924"
"20091","KS","Johnson County, KS","1","1","1","1","292027","279977","12050","298890","286748","12142","301599","287691","13908","299697","280131","19566","307190","288469","18721","308360","291805","16555","310011","295710","14301","314313","300681","13632","4.3","321092","308995","12097","74135"
"20093","KS","Kearny County, KS","9","10","9","8","2023","1947","76","2128","2059","69","2179","2105","74","2174","2078","96","2155","2058","97","2179","2083","96","2168","2082","86","2100","2024","76","3.6","2139","2074","65","54399"
"20095","KS","Kingman County, KS","6","6","2","2","4377","4217","160","4285","4140","145","4490","4340","150","4633","4373","260","3862","3594","268","3819","3579","240","3762","3533","229","3717","3515","202","5.4","3700","3554","146","51281"
"20097","KS","Kiowa County, KS","9","10","9","10","1636","1588","48","1492","1422","70","1433","1384","49","1580","1525","55","1398","1325","73","1344","1287","57","1405","1352","53","1423","1375","48","3.4","1364","1318","46","45417"
"20099","KS","Labette County, KS","7","8","7","8","10775","10203","572","11351","10790","561","11469","10861","608","11659","10659","1000","11277","10203","1074","11040","10040","1000","10701","9848","853","10737","9962","775","7.2","10834","10199","635","38542"
"20101","KS","Lane County, KS","9","10","9","12","1064","1027","37","1066","1028","38","1098","1057","41","1142","1104","38","985","944","41","958","914","44","900","858","42","883","852","31","3.5","868","840","28","52915"
"20103","KS","Leavenworth County, KS","1","1","1","1","32764","30926","1838","32857","31086","1771","32928","31016","1912","32725","30100","2625","34342","31735","2607","34432","31920","2512","34422","32207","2215","34620","32534","2086","6","35210","33454","1756","65424"
"20105","KS","Lincoln County, KS","9","10","9","10","1848","1783","65","1828","1757","71","1933","1861","72","2021","1910","111","1882","1770","112","1877","1780","97","1845","1755","90","1778","1696","82","4.6","1774","1701","73","42521"
"20107","KS","Linn County, KS","1","1","1","1","4809","4510","299","4752","4446","306","4639","4328","311","4533","4026","507","4534","4028","506","4498","4000","498","4373","3944","429","4324","3959","365","8.4","4372","4056","316","44036"
"20109","KS","Logan County, KS","9","12","9","12","1493","1446","47","1775","1725","50","1659","1613","46","1730","1673","57","1737","1676","61","1774","1716","58","1752","1699","53","1743","1694","49","2.8","1750","1711","39","46375"
"20111","KS","Lyon County, KS","5","8","4","5","19435","18623","812","19695","18888","807","18873","17767","1106","18645","17502","1143","17481","16316","1165","17335","16223","1112","17212","16210","1002","16438","15252","1186","7.2","16396","15543","853","39483"
"20113","KS","McPherson County, KS","6","5","7","8","17229","16648","581","16742","16161","581","16521","15927","594","16937","16100","837","16477","15627","850","16655","15894","761","16640","15953","687","16588","15942","646","3.9","16954","16400","554","52734"
"20115","KS","Marion County, KS","6","6","6","6","6781","6514","267","6697","6452","245","6755","6505","250","7023","6635","388","6742","6342","400","6473","6105","368","6340","6013","327","6214","5922","292","4.7","6178","5926","252","45319"
"20117","KS","Marshall County, KS","7","9","6","6","5786","5583","203","6058","5867","191","5977","5753","224","6160","5816","344","5908","5608","300","5993","5714","279","6078","5824","254","6045","5811","234","3.9","5975","5783","192","50087"
"20119","KS","Meade County, KS","9","10","9","10","2192","2124","68","2304","2237","67","2404","2333","71","2559","2461","98","2567","2458","109","2534","2440","94","2468","2385","83","2351","2277","74","3.1","2427","2364","63","53942"
"20121","KS","Miami County, KS","1","1","1","1","16270","15523","747","16470","15698","772","16316","15476","840","16144","14820","1324","17111","15815","1296","16906","15698","1208","16738","15678","1060","16795","15850","945","5.6","17093","16290","803","59706"
"20123","KS","Mitchell County, KS","7","11","7","11","3419","3301","118","3336","3218","118","3570","3452","118","3814","3637","177","3874","3689","185","3893","3753","140","3865","3748","117","3878","3765","113","2.9","3873","3746","127","46181"
"20125","KS","Montgomery County, KS","5","8","5","8","17711","16900","811","17582","16725","857","17971","16966","1005","18732","16890","1842","18083","16158","1925","18275","16459","1816","18392","16966","1426","17847","16636","1211","6.8","17453","16441","1012","39045"
"20127","KS","Morris County, KS","9","9","8","6","2907","2781","126","2968","2824","144","2904","2764","140","3085","2870","215","3311","3085","226","3290","3070","220","3203","3004","199","3103","2932","171","5.5","3134","2995","139","46404"
"20129","KS","Morton County, KS","9","10","9","12","1725","1677","48","1683","1637","46","1778","1728","50","1783","1709","74","1756","1680","76","1675","1613","62","1655","1593","62","1594","1531","63","4","1514","1454","60","51157"
"20131","KS","Nemaha County, KS","8","6","6","6","5449","5268","181","5619","5447","172","5768","5587","181","5921","5679","242","5820","5570","250","5900","5672","228","5991","5774","217","5826","5624","202","3.5","5857","5689","168","50006"
"20133","KS","Neosho County, KS","7","9","7","9","9231","8869","362","9291","8909","382","9216","8762","454","8733","7997","736","7410","6651","759","7388","6714","674","6877","6282","595","6710","6162","548","8.2","6449","5982","467","41877"
"20135","KS","Ness County, KS","9","12","9","12","1695","1647","48","1734","1683","51","1822","1766","56","1863","1790","73","1618","1554","64","1623","1568","55","1624","1571","53","1602","1553","49","3.1","1621","1577","44","49432"
"20137","KS","Norton County, KS","7","11","7","11","2701","2612","89","2696","2609","87","2819","2728","91","2898","2771","127","3098","2980","118","3138","3028","110","3141","3043","98","3087","3000","87","2.8","3103","3029","74","42389"
"20139","KS","Osage County, KS","3","2","3","2","8712","8235","477","8526","8060","466","8510","7999","511","8537","7875","662","8618","7906","712","8570","7858","712","8337","7730","607","8285","7729","556","6.7","8304","7851","453","48991"
"20141","KS","Osborne County, KS","9","12","9","12","2251","2172","79","2208","2124","84","2251","2174","77","2298","2196","102","2224","2116","108","2261","2160","101","2171","2077","94","2123","2032","91","4.3","2056","1977","79","38493"
"20143","KS","Ottawa County, KS","9","8","9","8","3374","3256","118","3258","3134","124","3385","3261","124","3418","3228","190","3286","3090","196","3271","3082","189","3217","3043","174","3240","3093","147","4.5","3267","3132","135","52041"
"20145","KS","Pawnee County, KS","7","9","7","9","3983","3851","132","3991","3867","124","3819","3697","122","3959","3807","152","3608","3439","169","3482","3322","160","3417","3277","140","3415","3266","149","4.4","3440","3310","130","45331"
"20147","KS","Phillips County, KS","7","11","7","11","3092","2996","96","3229","3132","97","3066","2934","132","3197","3000","197","3037","2881","156","3020","2867","153","3010","2874","136","2966","2840","126","4.2","2951","2848","103","44080"
"20149","KS","Pottawatomie County, KS","6","5","3","2","11186","10814","372","11553","11177","376","10778","10391","387","11102","10471","631","11890","11268","622","11566","10988","578","11572","11026","546","11930","11378","552","4.6","11999","11529","470","59856"
"20151","KS","Pratt County, KS","7","11","7","11","5607","5440","167","5706","5529","177","5707","5510","197","5985","5688","297","5289","4993","296","5364","5092","272","5431","5186","245","5441","5224","217","4","5484","5304","180","50970"
"20153","KS","Rawlins County, KS","9","12","9","12","1313","1270","43","1234","1190","44","1234","1191","43","1319","1267","52","1511","1458","53","1518","1465","53","1567","1524","43","1550","1507","43","2.8","1525","1487","38","45901"
"20155","KS","Reno County, KS","4","5","4","5","32984","31505","1479","32485","31113","1372","34408","32990","1418","35110","33064","2046","32894","30800","2094","32642","30667","1975","32042","30287","1755","31609","29939","1670","5.3","31488","30104","1384","44099"
"20157","KS","Republic County, KS","9","12","9","12","2728","2630","98","2756","2668","88","2968","2875","93","2901","2779","122","2732","2614","118","2683","2580","103","2609","2509","100","2651","2561","90","3.4","2591","2512","79","39819"
"20159","KS","Rice County, KS","7","9","7","9","5616","5387","229","5605","5389","216","5843","5621","222","6049","5746","303","5306","5018","288","5390","5110","280","5399","5157","242","5445","5211","234","4.3","5455","5261","194","45389"
"20161","KS","Riley County, KS","5","8","3","2","34957","33789","1168","39474","38239","1235","37328","36016","1312","37558","35888","1670","36091","34289","1802","35434","33728","1706","36216","34630","1586","36592","35040","1552","4.2","36908","35549","1359","46267"
"20163","KS","Rooks County, KS","9","10","9","10","2710","2610","100","2655","2557","98","2692","2568","124","2805","2617","188","2767","2593","174","2726","2581","145","2765","2636","129","2780","2664","116","4.2","2870","2766","104","40870"
"20165","KS","Rush County, KS","9","10","9","10","1698","1637","61","1645","1584","61","1709","1643","66","1705","1608","97","1793","1697","96","1841","1760","81","1889","1801","88","1810","1732","78","4.3","1828","1763","65","42867"
"20167","KS","Russell County, KS","7","9","7","9","3471","3339","132","3488","3361","127","3611","3476","135","3606","3428","178","3741","3550","191","3784","3607","177","3804","3648","156","3851","3698","153","4","3886","3750","136","39520"
"20169","KS","Saline County, KS","5","8","5","8","30460","29310","1150","30271","29196","1075","31537","30325","1212","31865","30113","1752","30934","29027","1907","30767","28894","1873","30684","28910","1774","31117","29558","1559","5","30945","29647","1298","48505"
"20171","KS","Scott County, KS","7","9","7","9","2777","2698","79","2588","2516","72","2736","2663","73","2888","2801","87","2767","2661","106","2725","2623","102","2772","2687","85","2840","2757","83","2.9","2858","2780","78","51013"
"20173","KS","Sedgwick County, KS","2","2","2","2","245201","233957","11244","250715","240113","10602","254830","243295","11535","259399","237590","21809","252713","230497","22216","249219","229377","19842","246548","229523","17025","246405","231176","15229","6.2","247614","234277","13337","48671"
"20175","KS","Seward County, KS","7","8","5","8","10567","10214","353","10447","10094","353","11123","10774","349","11157","10613","544","10794","10261","533","10822","10322","500","10819","10372","447","11088","10631","457","4.1","11262","10867","395","45349"
"20177","KS","Shawnee County, KS","3","2","3","2","90352","86036","4316","91388","87152","4236","92467","87810","4657","94610","88421","6189","93584","87047","6537","92952","86640","6312","91929","86200","5729","92106","86745","5361","5.8","92755","88339","4416","50042"
"20179","KS","Sheridan County, KS","9","12","9","12","1507","1464","43","1553","1510","43","1570","1529","41","1603","1558","45","1514","1463","51","1526","1477","49","1544","1501","43","1498","1457","41","2.7","1493","1454","39","50961"
"20181","KS","Sherman County, KS","7","11","7","11","3671","3564","107","3632","3528","104","3747","3630","117","3798","3647","151","3154","3004","150","3205","3076","129","3214","3091","123","3130","3004","126","4","3081","2982","99","38025"
"20183","KS","Smith County, KS","9","12","9","12","2236","2162","74","2178","2109","69","2171","2084","87","2253","2146","107","2333","2232","101","2266","2174","92","2213","2126","87","2158","2081","77","3.6","2119","2053","66","39696"
"20185","KS","Stafford County, KS","9","10","9","10","2237","2158","79","2132","2054","78","2157","2077","80","2275","2157","118","2366","2246","120","2318","2199","119","2217","2113","104","2217","2119","98","4.4","2207","2125","82","42430"
"20187","KS","Stanton County, KS","9","12","9","12","1158","1127","31","1120","1087","33","1117","1080","37","1185","1146","39","1093","1048","45","1064","1021","43","1047","1010","37","1046","1007","39","3.7","1039","1004","35","49977"
"20189","KS","Stevens County, KS","7","9","7","9","2330","2250","80","2254","2180","74","2292","2214","78","2378","2265","113","2870","2749","121","2766","2654","112","2883","2781","102","3316","3216","100","3","3544","3442","102","57483"
"20191","KS","Sumner County, KS","2","2","2","2","11947","11383","564","11816","11295","521","11695","11154","541","11670","10657","1013","11958","10896","1062","11577","10688","889","11291","10567","724","11151","10519","632","5.7","11195","10660","535","50844"
"20193","KS","Thomas County, KS","7","11","7","11","4525","4394","131","4140","4015","125","4233","4102","131","4310","4150","160","4543","4363","180","4600","4431","169","4539","4381","158","4467","4310","157","3.5","4487","4359","128","47654"
"20195","KS","Trego County, KS","9","10","9","10","1744","1691","53","1691","1635","56","1872","1815","57","1895","1824","71","1509","1438","71","1494","1424","70","1508","1443","65","1491","1436","55","3.7","1505","1458","47","43668"
"20197","KS","Wabaunsee County, KS","3","2","3","2","3631","3495","136","3657","3511","146","3708","3540","168","3768","3495","273","3887","3633","254","3837","3597","240","3784","3578","206","3771","3580","191","5.1","3801","3644","157","54414"
"20199","KS","Wallace County, KS","9","12","9","12","896","868","28","904","878","26","850","809","41","920","865","55","893","840","53","882","834","48","871","834","37","854","826","28","3.3","898","874","24","46082"
"20201","KS","Washington County, KS","9","10","9","12","3359","3243","116","3334","3221","113","3340","3219","121","3474","3306","168","3346","3184","162","3309","3158","151","3246","3110","136","3128","3011","117","3.7","3116","3015","101","43897"
"20203","KS","Wichita County, KS","9","12","9","12","1251","1213","38","1237","1200","37","1266","1226","40","1281","1238","43","1336","1290","46","1329","1278","51","1331","1261","70","1289","1243","46","3.6","1248","1213","35","51286"
"20205","KS","Wilson County, KS","7","9","7","10","5609","5403","206","5516","5311","205","5525","5215","310","5305","4733","572","4500","3962","538","4270","3782","488","4179","3768","411","4101","3747","354","8.6","4175","3896","279","41073"
"20207","KS","Woodson County, KS","9","12","9","12","1667","1584","83","1668","1582","86","1674","1579","95","1792","1639","153","1736","1599","137","1718","1602","116","1644","1541","103","1628","1526","102","6.3","1636","1550","86","40971"
"20209","KS","Wyandotte County, KS","1","1","1","1","71776","66313","5463","71446","66013","5433","71160","65407","5753","70526","62998","7528","74994","67433","7561","74562","67437","7125","74342","68033","6309","74907","68850","6057","8.1","76050","70820","5230","38728"
"21000","KY","Kentucky",,,,,"2029231","1913472","115759","2032082","1922220","109862","2030738","1900683","130055","2060162","1847126","213036","2054375","1844650","209725","2055500","1862691","192809","2057415","1889568","167847","2057370","1892108","165262","8","2005252","1875146","130106","43307"
"21001","KY","Adair County, KY","7","9","7","9","8891","8388","503","8912","8393","519","8853","8248","605","9218","8227","991","7810","6839","971","7739","6834","905","7807","7077","730","7539","6796","743","9.9","7206","6611","595","31710"
"21003","KY","Allen County, KY","6","6","3","2","8463","7916","547","8235","7754","481","8367","7778","589","8740","7482","1258","9126","8056","1070","9106","8214","892","9023","8295","728","8980","8298","682","7.6","8766","8245","521","39798"
"21005","KY","Anderson County, KY","6","5","6","3","11028","10457","571","11038","10489","549","10877","10182","695","11092","9939","1153","11579","10466","1113","11565","10602","963","11530","10735","795","11558","10809","749","6.5","11317","10714","603","52852"
"21007","KY","Ballard County, KY","9","8","9","8","4169","3914","255","4229","3996","233","4134","3877","257","4098","3690","408","3839","3445","394","3879","3496","383","3876","3525","351","3824","3476","348","9.1","3694","3401","293","42712"
"21009","KY","Barren County, KY","6","5","6","5","19583","18481","1102","19497","18489","1008","19414","18223","1191","19339","16957","2382","19749","17540","2209","19881","17938","1943","19822","18258","1564","19624","18104","1520","7.7","18827","17632","1195","38370"
"21011","KY","Bath County, KY","8","5","8","5","5126","4730","396","5049","4670","379","5028","4579","449","5116","4327","789","4887","4172","715","4831","4223","608","4885","4379","506","4834","4335","499","10.3","4635","4216","419","33752"
"21013","KY","Bell County, KY","7","8","7","8","9610","8864","746","9494","8734","760","9603","8751","852","9777","8605","1172","10197","8959","1238","10187","8975","1212","10260","9035","1225","9874","8557","1317","13.3","9298","8349","949","25761"
"21015","KY","Boone County, KY","1","1","1","1","61369","58483","2886","61711","58999","2712","62871","59447","3424","64357","58589","5768","63271","57662","5609","64226","59171","5055","65346","60873","4473","66068","61684","4384","6.6","64609","61243","3366","65274"
"21017","KY","Bourbon County, KY","2","2","2","2","9831","9344","487","9689","9217","472","9550","8995","555","9263","8370","893","10064","9151","913","10046","9197","849","9842","9124","718","9836","9139","697","7.1","9720","9170","550","40045"
"21019","KY","Boyd County, KY","2","2","2","2","23096","21830","1266","22838","21660","1178","22798","21456","1342","22747","20838","1909","20421","18342","2079","20209","18160","2049","20017","18195","1822","19642","17855","1787","9.1","18876","17470","1406","41443"
"21021","KY","Boyle County, KY","7","8","7","8","12835","11975","860","12705","11938","767","12745","11885","860","12948","11481","1467","13342","11853","1489","13152","11742","1410","13066","11890","1176","12856","11709","1147","8.9","12227","11373","854","43585"
"21023","KY","Bracken County, KY","1","1","1","1","4341","4094","247","4259","4005","254","4243","3936","307","4289","3807","482","3982","3529","453","3978","3553","425","3944","3574","370","3931","3549","382","9.7","3822","3522","300","43222"
"21025","KY","Breathitt County, KY","7","12","7","12","5667","5251","416","5641","5247","394","5619","5210","409","5675","5097","578","4528","3916","612","4405","3846","559","4529","3878","651","4482","3813","669","14.9","4185","3700","485","26869"
"21027","KY","Breckinridge County, KY","8","7","8","7","9082","8480","602","9098","8551","547","9153","8471","682","9377","8274","1103","8273","7202","1071","8274","7322","952","8266","7476","790","8237","7498","739","9","8074","7498","576","40107"
"21029","KY","Bullitt County, KY","1","1","1","1","38622","36352","2270","38936","36739","2197","39338","36604","2734","39761","35479","4282","38803","34671","4132","38926","35074","3852","39235","36069","3166","39720","36761","2959","7.4","38948","36668","2280","57462"
"21031","KY","Butler County, KY","8","6","3","2","5780","5326","454","5602","5247","355","5458","5028","430","5499","4713","786","5457","4802","655","5449","4866","583","5405","4921","484","5380","4891","489","9.1","5227","4842","385","36670"
"21033","KY","Caldwell County, KY","6","6","7","9","6653","6305","348","6630","6279","351","6661","6225","436","6909","6220","689","5916","5293","623","5688","5149","539","5666","5201","465","5625","5173","452","8","5472","5115","357","37317"
"21035","KY","Calloway County, KY","7","8","7","8","18003","16983","1020","17749","16794","955","17810","16774","1036","17940","16448","1492","18915","17391","1524","19013","17591","1422","18291","16999","1292","18156","16831","1325","7.3","18652","17584","1068","37977"
"21037","KY","Campbell County, KY","1","1","1","1","45162","42854","2308","44530","42314","2216","44380","41696","2684","45055","40571","4484","48713","44284","4429","48832","44753","4079","48825","45399","3426","48832","45576","3256","6.7","47729","45229","2500","53321"
"21039","KY","Carlisle County, KY","9","10","9","10","2318","2178","140","2260","2123","137","2270","2122","148","2339","2133","206","2251","2047","204","2304","2101","203","2337","2152","185","2375","2206","169","7.1","2355","2211","144","38283"
"21041","KY","Carroll County, KY","6","4","6","4","5768","5452","316","5726","5417","309","5538","5125","413","5446","4736","710","4999","4274","725","5107","4486","621","5058","4543","515","5169","4697","472","9.1","4858","4507","351","41792"
"21043","KY","Carter County, KY","6","6","6","6","13713","12675","1038","13501","12543","958","13304","12219","1085","13518","11833","1685","11925","10244","1681","11685","10078","1607","11476","10048","1428","11049","9650","1399","12.7","10457","9327","1130","34767"
"21045","KY","Casey County, KY","9","10","9","10","7486","6979","507","7320","6916","404","7125","6674","451","7145","6388","757","6914","6155","759","6976","6282","694","6851","6282","569","6816","6231","585","8.6","6573","6114","459","29303"
"21047","KY","Christian County, KY","3","2","2","2","26223","24499","1724","29455","27592","1863","28973","26578","2395","29392","25772","3620","27294","24107","3187","26796","23913","2883","26721","24228","2493","26640","24111","2529","9.5","25951","23984","1967","41333"
"21049","KY","Clark County, KY","2","2","2","2","17370","16426","944","17233","16396","837","17091","16008","1083","17039","15167","1872","17775","15862","1913","17526","15802","1724","17399","15984","1415","17274","15971","1303","7.5","17020","15974","1046","45516"
"21051","KY","Clay County, KY","7","10","7","10","7067","6363","704","6997","6256","741","6798","6094","704","6964","6012","952","6030","5153","877","6048","5141","907","5949","5118","831","5755","4932","823","14.3","5531","4896","635","24173"
"21053","KY","Clinton County, KY","9","12","9","12","4506","4238","268","4639","4396","243","4710","4405","305","4852","4395","457","4273","3803","470","4276","3793","483","4244","3785","459","4103","3674","429","10.5","3990","3627","363","27443"
"21055","KY","Crittenden County, KY","6","6","7","9","4035","3789","246","3797","3566","231","4026","3763","263","4110","3676","434","4064","3660","404","4171","3818","353","4155","3836","319","4101","3797","304","7.4","3913","3672","241","37372"
"21057","KY","Cumberland County, KY","9","10","9","10","3019","2798","221","2964","2759","205","2945","2715","230","3063","2670","393","3174","2800","374","3117","2775","342","3116","2781","335","3041","2716","325","10.7","2956","2730","226","30043"
"21059","KY","Daviess County, KY","3","2","3","2","47260","44748","2512","47117","44838","2279","47303","44604","2699","48300","43819","4481","46881","42523","4358","47686","43749","3937","48190","44844","3346","47643","44370","3273","6.9","45980","43366","2614","46908"
"21061","KY","Edmonson County, KY","3","2","3","2","5417","5046","371","5322","4985","337","5316","4915","401","5274","4555","719","5122","4440","682","5118","4522","596","5027","4528","499","5003","4504","499","10","4870","4468","402","36324"
"21063","KY","Elliott County, KY","9","12","9","12","3096","2837","259","3040","2812","228","3143","2881","262","3274","2835","439","2399","2019","380","2330","1963","367","2302","1971","331","2257","1930","327","14.5","2147","1901","246","29544"
"21065","KY","Estill County, KY","6","6","6","6","6123","5725","398","6119","5725","394","6164","5686","478","6412","5613","799","5694","4923","771","5601","4909","692","5609","5053","556","5531","5000","531","9.6","5399","4995","404","30388"
"21067","KY","Fayette County, KY","2","2","2","2","148691","142257","6434","151234","145196","6038","150018","142748","7270","152180","140328","11852","163286","151190","12096","164866","153583","11283","166169","156446","9723","168488","158681","9807","5.8","166862","158803","8059","47959"
"21069","KY","Fleming County, KY","7","9","7","9","6637","6207","430","6484","6067","417","6456","5992","464","6543","5737","806","6713","5940","773","6463","5779","684","6473","5887","586","6527","5905","622","9.5","6331","5831","500","35454"
"21071","KY","Floyd County, KY","7","11","7","11","15212","14236","976","15081","14103","978","15268","14246","1022","15613","13910","1703","13940","12064","1876","13705","12182","1523","13712","12133","1579","13134","11401","1733","13.2","12445","11158","1287","31229"
"21073","KY","Franklin County, KY","4","5","4","3","25354","24176","1178","25090","23959","1131","24787","23348","1439","24568","22383","2185","24625","22481","2144","24600","22661","1939","24533","22895","1638","24621","23003","1618","6.6","24092","22794","1298","46309"
"21075","KY","Fulton County, KY","7","8","9","8","2800","2588","212","2706","2504","202","2711","2504","207","2684","2343","341","2729","2415","314","2657","2326","331","2481","2200","281","2388","2131","257","10.8","2252","2063","189","28550"
"21077","KY","Gallatin County, KY","1","1","1","1","3975","3785","190","3893","3684","209","3916","3639","277","4030","3542","488","4076","3573","503","4001","3574","427","3935","3573","362","3947","3586","361","9.1","3825","3563","262","44142"
"21079","KY","Garrard County, KY","6","6","6","6","7624","7176","448","7685","7253","432","7575","7080","495","7738","6827","911","7935","7051","884","7806","7025","781","7748","7092","656","7761","7120","641","8.3","7591","7088","503","42853"
"21081","KY","Grant County, KY","1","1","1","1","12532","11861","671","12590","11898","692","12771","11881","890","12856","11375","1481","11684","10308","1376","11616","10384","1232","11481","10453","1028","11496","10555","941","8.2","11201","10477","724","43861"
"21083","KY","Graves County, KY","7","8","7","8","15829","14700","1129","15948","14950","998","15807","14718","1089","16349","14723","1626","16827","15231","1596","16894","15364","1530","16653","15280","1373","16504","15093","1411","8.5","15940","14735","1205","39960"
"21085","KY","Grayson County, KY","6","6","6","6","11617","10653","964","11251","10340","911","11115","10010","1105","11481","9795","1686","11549","9904","1645","11390","9998","1392","11300","10141","1159","11259","10098","1161","10.3","10822","9907","915","32813"
"21087","KY","Green County, KY","8","7","8","7","5615","5303","312","5631","5285","346","5530","5105","425","5681","5011","670","5596","4938","658","5449","4924","525","5446","4996","450","5322","4884","438","8.2","5111","4776","335","32309"
"21089","KY","Greenup County, KY","2","2","2","2","17418","16410","1008","17487","16537","950","17499","16406","1093","17874","16214","1660","15351","13579","1772","15193","13500","1693","15001","13541","1460","14747","13291","1456","9.9","14198","13011","1187","44581"
"21091","KY","Hancock County, KY","3","2","3","2","4231","3981","250","4189","3974","215","4191","3947","244","4333","3825","508","4060","3643","417","4075","3737","338","4147","3850","297","4101","3804","297","7.2","3959","3719","240","50809"
"21093","KY","Hardin County, KY","3","2","3","2","47757","45197","2560","47394","44983","2411","47522","44570","2952","47868","42943","4925","46901","42359","4542","47420","43072","4348","47515","43645","3870","47830","44178","3652","7.6","46567","43658","2909","48327"
"21095","KY","Harlan County, KY","7","9","7","10","10179","9366","813","10160","9250","910","10052","9162","890","10593","9441","1152","10193","8979","1214","10018","8902","1116","9913","8520","1393","9521","7803","1718","18","8536","7353","1183","25460"
"21097","KY","Harrison County, KY","6","6","6","4","9022","8533","489","9232","8782","450","9261","8679","582","9391","8323","1068","9016","8013","1003","8943","8049","894","8887","8192","695","8746","8090","656","7.5","8404","7896","508","42228"
"21099","KY","Hart County, KY","8","7","8","7","7964","7462","502","8137","7704","433","8237","7696","541","8333","7472","861","8110","7264","846","8191","7386","805","8123","7458","665","8056","7425","631","7.8","7801","7305","496","33588"
"21101","KY","Henderson County, KY","2","2","2","2","23148","21972","1176","22689","21551","1138","22832","21439","1393","23299","20819","2480","22850","20503","2347","22850","20807","2043","22609","20914","1695","22143","20486","1657","7.5","21640","20314","1326","42492"
"21103","KY","Henry County, KY","1","1","1","1","8041","7584","457","7819","7405","414","7767","7284","483","7981","7144","837","7834","7060","774","7750","7069","681","7699","7132","567","7779","7205","574","7.4","7636","7189","447","48245"
"21105","KY","Hickman County, KY","9","10","9","10","2065","1929","136","2033","1895","138","2094","1947","147","2126","1938","188","2300","2112","188","2282","2078","204","2163","1988","175","2162","2007","155","7.2","2129","1996","133","38733"
"21107","KY","Hopkins County, KY","4","5","5","8","23260","21922","1338","23298","21919","1379","23112","21422","1690","23022","20898","2124","21211","19157","2054","21526","19717","1809","21558","19901","1657","21523","19825","1698","7.9","20613","19289","1324","40782"
"21109","KY","Jackson County, KY","9","10","9","10","4654","4191","463","4340","3749","591","4103","3639","464","4297","3592","705","5142","4419","723","5290","4575","715","5172","4564","608","4838","4277","561","11.6","4628","4097","531","28759"
"21111","KY","Jefferson County, KY","1","1","1","1","355094","334975","20119","356083","337283","18800","355732","333279","22453","360376","323842","36534","378722","340806","37916","378796","342890","35906","382646","351939","30707","386194","356679","29515","7.6","378661","355616","23045","47495"
"21113","KY","Jessamine County, KY","2","2","2","2","22720","21652","1068","22825","21813","1012","23019","21752","1267","22791","20723","2068","24710","22615","2095","24648","22729","1919","24797","23132","1665","25098","23460","1638","6.5","24767","23456","1311","52011"
"21115","KY","Johnson County, KY","7","11","7","11","9651","9028","623","9666","9075","591","9498","8844","654","9922","8901","1021","8925","7804","1121","8684","7746","938","8582","7718","864","8358","7445","913","10.9","8082","7334","748","34593"
"21117","KY","Kenton County, KY","1","1","1","1","83788","79636","4152","83537","79535","4002","83664","78687","4977","84184","75890","8294","83798","75611","8187","83772","76363","7409","84322","78084","6238","85133","79149","5984","7","83213","78575","4638","53949"
"21119","KY","Knott County, KY","9","12","9","12","6495","6041","454","6232","5805","427","6280","5856","424","6563","5870","693","5924","5126","798","5844","5156","688","5821","5020","801","5564","4702","862","15.5","5149","4573","576","32294"
"21121","KY","Knox County, KY","7","9","7","8","12232","11401","831","12621","11775","846","12731","11759","972","12862","11373","1489","10648","9209","1439","10623","9219","1404","10539","9193","1346","10533","9166","1367","13","10124","9110","1014","26220"
"21123","KY","Larue County, KY","3","2","3","2","7130","6735","395","6933","6581","352","6962","6510","452","6997","6169","828","6062","5378","684","6037","5440","597","5931","5435","496","5882","5411","471","8","5714","5340","374","41537"
"21125","KY","Laurel County, KY","7","8","5","8","25868","24367","1501","26612","25204","1408","26047","24326","1721","26528","23826","2702","24952","22105","2847","24962","22111","2851","24862","22342","2520","24638","22254","2384","9.7","23944","22116","1828","35372"
"21127","KY","Lawrence County, KY","6","7","6","7","5818","5337","481","5815","5362","453","5870","5368","502","6208","5473","735","5767","4983","784","5769","5097","672","5629","5035","594","5593","4967","626","11.2","5314","4802","512","33469"
"21129","KY","Lee County, KY","9","12","9","12","2737","2536","201","2822","2637","185","2676","2479","197","2785","2459","326","2590","2263","327","2511","2195","316","2428","2121","307","2359","2062","297","12.6","2257","2037","220","25767"
"21131","KY","Leslie County, KY","9","12","9","10","3699","3376","323","3561","3251","310","3544","3251","293","3622","3172","450","3607","3141","466","3628","3172","456","3590","3079","511","3480","2864","616","17.7","3193","2784","409","29008"
"21133","KY","Letcher County, KY","9","12","9","10","9120","8435","685","8747","8098","649","8700","8102","598","8789","7851","938","8659","7669","990","8879","7973","906","8572","7418","1154","8043","6697","1346","16.7","7337","6434","903","31799"
"21135","KY","Lewis County, KY","8","5","8","7","5557","5105","452","5602","5178","424","5517","4991","526","5598","4749","849","5589","4818","771","5513","4798","715","5376","4751","625","5300","4655","645","12.2","5160","4661","499","30443"
"21137","KY","Lincoln County, KY","7","8","7","8","10844","10075","769","10611","9920","691","10501","9718","783","10658","9319","1339","10625","9261","1364","10399","9128","1271","10091","9054","1037","9943","8881","1062","10.7","9457","8630","827","35092"
"21139","KY","Livingston County, KY","9","8","9","8","4908","4611","297","4845","4583","262","4717","4430","287","4775","4303","472","4035","3549","486","4018","3582","436","3962","3585","377","3878","3506","372","9.6","3733","3429","304","41177"
"21141","KY","Logan County, KY","6","6","6","6","12487","11767","720","12396","11735","661","12367","11583","784","12428","11075","1353","12612","11362","1250","12434","11325","1109","12179","11262","917","12143","11279","864","7.1","11887","11208","679","39513"
"21143","KY","Lyon County, KY","8","7","9","9","3306","3086","220","3278","3069","209","3277","3027","250","3362","2949","413","2982","2636","346","3076","2759","317","3096","2815","281","3092","2840","252","8.2","2999","2792","207","43311"
"21145","KY","McCracken County, KY","5","8","5","8","31431","29750","1681","31596","30059","1537","31062","29269","1793","31507","28746","2761","30650","27876","2774","30940","28295","2645","30870","28427","2443","30300","27911","2389","7.9","29359","27272","2087","42069"
"21147","KY","McCreary County, KY","9","10","9","10","5977","5371","606","5841","5315","526","5709","5161","548","5861","5040","821","5723","4896","827","5686","4857","829","5471","4750","721","5346","4645","701","13.1","5063","4521","542","24406"
"21149","KY","McLean County, KY","3","2","3","2","4707","4354","353","4573","4307","266","4555","4232","323","4561","4084","477","4524","4062","462","4561","4158","403","4559","4209","350","4486","4137","349","7.8","4336","4054","282","38128"
"21151","KY","Madison County, KY","4","5","4","5","42742","40699","2043","42634","40622","2012","42850","40496","2354","43187","39256","3931","43050","39386","3664","44031","40582","3449","44583","41582","3001","45798","42786","3012","6.6","44889","42465","2424","44845"
"21153","KY","Magoffin County, KY","9","12","9","12","4326","3886","440","4346","3896","450","4261","3805","456","4473","3649","824","4290","3411","879","4148","3439","709","4031","3340","691","4005","3301","704","17.6","3744","3221","523","29817"
"21155","KY","Marion County, KY","6","4","7","9","10172","9644","528","10271","9743","528","10228","9570","658","10166","8823","1343","9110","7961","1149","9194","8202","992","9159","8356","803","9283","8542","741","8","9062","8477","585","39665"
"21157","KY","Marshall County, KY","7","9","7","9","14736","13842","894","14796","13945","851","14718","13791","927","14669","13119","1550","15404","13783","1621","15440","14010","1430","15358","14113","1245","15347","14092","1255","8.2","15050","14021","1029","44157"
"21159","KY","Martin County, KY","8","7","9","12","3600","3334","266","3445","3175","270","3512","3245","267","3818","3386","432","3998","3586","412","3869","3521","348","3769","3421","348","3654","3292","362","9.9","3474","3157","317","26931"
"21161","KY","Mason County, KY","6","3","6","3","8706","8250","456","8809","8404","405","8777","8254","523","8824","7869","955","7892","7004","888","7652","6870","782","7597","6895","702","7783","7020","763","9.8","7733","7129","604","42329"
"21163","KY","Meade County, KY","1","1","3","2","12019","11255","764","11617","10918","699","11518","10630","888","11493","10014","1479","12338","10882","1456","12808","11368","1440","12623","11388","1235","12544","11415","1129","9","12142","11287","855","45984"
"21165","KY","Menifee County, KY","9","8","9","8","2654","2428","226","2637","2413","224","2582","2327","255","2602","2174","428","2560","2163","397","2541","2185","356","2543","2247","296","2492","2191","301","12.1","2358","2125","233","30047"
"21167","KY","Mercer County, KY","6","6","6","6","10588","9975","613","10620","10073","547","10453","9797","656","10450","9266","1184","10532","9353","1179","10229","9172","1057","10237","9393","844","10206","9401","805","7.9","9904","9286","618","43903"
"21169","KY","Metcalfe County, KY","9","8","9","8","4494","4249","245","4425","4179","246","4395","4088","307","4390","3704","686","4674","4051","623","4608","4092","516","4422","4071","351","4340","4002","338","7.8","4159","3906","253","30899"
"21171","KY","Monroe County, KY","9","9","8","7","5033","4719","314","4858","4528","330","4741","4349","392","4751","4092","659","4850","4331","519","4832","4398","434","4796","4450","346","4746","4406","340","7.2","4597","4340","257","29900"
"21173","KY","Montgomery County, KY","6","5","6","5","12139","11412","727","12241","11532","709","12230","11330","900","12464","10918","1546","12077","10603","1474","12070","10725","1345","12307","11228","1079","12146","11123","1023","8.4","11659","10785","874","41326"
"21175","KY","Morgan County, KY","7","9","9","11","5001","4565","436","4969","4537","432","4903","4427","476","5100","4405","695","5114","4447","667","5230","4655","575","5217","4662","555","5063","4523","540","10.7","4826","4370","456","31579"
"21177","KY","Muhlenberg County, KY","6","5","6","6","13012","11827","1185","13548","12471","1077","13098","11979","1119","13842","12350","1492","13040","11615","1425","12933","11612","1321","12397","11188","1209","12961","11752","1209","9.3","12471","11527","944","37048"
"21179","KY","Nelson County, KY","1","1","6","3","21189","19953","1236","21294","20066","1228","21546","19976","1570","22133","19398","2735","21971","19514","2457","21796","19486","2310","21881","20069","1812","21814","20162","1652","7.6","21314","20005","1309","49444"
"21181","KY","Nicholas County, KY","8","7","8","7","2987","2786","201","3016","2827","189","3078","2854","224","3157","2773","384","3631","3264","367","3585","3260","325","3536","3241","295","3541","3227","314","8.9","3467","3189","278","37006"
"21183","KY","Ohio County, KY","6","6","6","6","11813","11104","709","12009","11381","628","12504","11706","798","12672","11442","1230","10316","9159","1157","10331","9331","1000","10355","9474","881","9879","8986","893","9","9485","8763","722","40622"
"21185","KY","Oldham County, KY","1","1","1","1","27396","26048","1348","27555","26246","1309","27753","26199","1554","28068","25726","2342","29248","27042","2206","29249","27222","2027","29768","28021","1747","30328","28598","1730","5.7","29948","28515","1433","86580"
"21187","KY","Owen County, KY","8","4","8","4","5220","4933","287","5266","5001","265","5297","4954","343","5537","4996","541","5915","5418","497","5701","5266","435","5745","5369","376","5685","5324","361","6.4","5558","5277","281","42134"
"21189","KY","Owsley County, KY","9","12","9","12","1534","1408","126","1577","1432","145","1528","1405","123","1576","1411","165","1362","1181","181","1387","1205","182","1325","1156","169","1284","1121","163","12.7","1237","1110","127","22715"
"21191","KY","Pendleton County, KY","1","1","1","1","7514","7095","419","7308","6881","427","7296","6736","560","7308","6407","901","7387","6480","907","7197","6420","777","7057","6434","623","7019","6431","588","8.4","6836","6379","457","45570"
"21193","KY","Perry County, KY","7","11","7","11","11487","10700","787","11415","10618","797","11184","10420","764","11640","10396","1244","11065","9766","1299","11015","9874","1141","10944","9573","1371","10358","8908","1450","14","9650","8653","997","32300"
"21195","KY","Pike County, KY","7","11","7","11","25085","23599","1486","25145","23668","1477","25688","24186","1502","26346","23811","2535","24504","21948","2556","24301","22091","2210","24161","21836","2325","23318","20558","2760","11.8","22098","19787","2311","35071"
"21197","KY","Powell County, KY","6","6","6","6","5607","5201","406","5669","5295","374","5440","4974","466","5749","4856","893","5290","4468","822","5150","4487","663","5064","4512","552","5055","4514","541","10.7","4948","4524","424","31923"
"21199","KY","Pulaski County, KY","5","8","5","8","27255","25491","1764","27166","25565","1601","27087","25265","1822","27808","24931","2877","27776","24831","2945","27508","24588","2920","27278","24704","2574","27258","24753","2505","9.2","26325","24380","1945","34355"
"21201","KY","Robertson County, KY","8","4","8","4","1051","995","56","1065","1014","51","984","924","60","1068","962","106","869","768","101","858","763","95","848","762","86","847","757","90","10.6","808","746","62","38101"
"21203","KY","Rockcastle County, KY","7","8","7","8","7539","7026","513","7239","6762","477","7221","6692","529","7256","6296","960","7028","6240","788","7187","6369","818","7181","6451","730","7083","6435","648","9.1","6900","6387","513","33131"
"21205","KY","Rowan County, KY","7","9","7","9","12199","11500","699","12183","11532","651","12332","11592","740","12481","11344","1137","10912","9807","1105","11219","10166","1053","11166","10249","917","10919","10026","893","8.2","10512","9781","731","37690"
"21207","KY","Russell County, KY","9","10","9","10","8185","7650","535","8136","7637","499","8238","7635","603","8413","7404","1009","7297","6361","936","7342","6487","855","7210","6472","738","7016","6216","800","11.4","6743","6069","674","30985"
"21209","KY","Scott County, KY","2","2","2","2","21915","20888","1027","22332","21360","972","22779","21542","1237","22942","20731","2211","25429","23216","2213","25543","23508","2035","25796","24104","1692","26278","24672","1606","6.1","25987","24695","1292","61906"
"21211","KY","Shelby County, KY","1","1","1","1","21058","19972","1086","21258","20261","997","21465","20235","1230","21942","19886","2056","21851","19900","1951","21960","20219","1741","22258","20870","1388","22638","21262","1376","6.1","22332","21213","1119","56808"
"21213","KY","Simpson County, KY","6","6","6","4","8998","8481","517","9345","8873","472","9364","8764","600","9235","8043","1192","8642","7521","1121","8607","7661","946","8952","8192","760","8858","8197","661","7.5","8540","8043","497","39117"
"21215","KY","Spencer County, KY","1","1","1","1","8763","8241","522","8919","8387","532","9172","8501","671","9297","8339","958","9205","8291","914","9248","8410","838","9264","8604","660","9355","8745","610","6.5","9209","8717","492","66711"
"21217","KY","Taylor County, KY","7","8","7","8","13357","12726","631","13726","12993","733","13543","12723","820","13762","12325","1437","11802","10355","1447","11911","10633","1278","11646","10556","1090","11362","10323","1039","9.1","11134","10310","824","36599"
"21219","KY","Todd County, KY","8","7","8","7","5133","4643","490","5020","4693","327","5229","4857","372","5331","4694","637","5676","5106","570","5707","5209","498","5673","5238","435","5635","5215","420","7.5","5465","5166","299","38533"
"21221","KY","Trigg County, KY","3","2","2","2","6707","6322","385","6266","5900","366","6246","5764","482","6457","5460","997","6440","5531","909","6181","5486","695","6018","5465","553","6042","5504","538","8.9","5890","5482","408","43416"
"21223","KY","Trimble County, KY","1","1","1","1","4440","4143","297","4353","4085","268","4339","4024","315","4355","3845","510","4088","3561","527","4013","3559","454","3977","3625","352","3964","3639","325","8.2","3911","3630","281","45394"
"21225","KY","Union County, KY","6","6","6","6","7179","6756","423","7084","6691","393","7654","7153","501","7859","6967","892","7687","6941","746","7587","6913","674","7012","6470","542","6857","6332","525","7.7","6715","6283","432","44595"
"21227","KY","Warren County, KY","3","2","3","2","56606","53891","2715","57538","55042","2496","57842","54741","3101","58570","52766","5804","58221","52861","5360","58921","54088","4833","59901","55748","4153","60584","56420","4164","6.9","59281","55988","3293","48137"
"21229","KY","Washington County, KY","8","4","9","9","5360","5051","309","5406","5105","301","5400","5009","391","5411","4709","702","6089","5471","618","6124","5556","568","6212","5741","471","6161","5725","436","7.1","6097","5759","338","42500"
"21231","KY","Wayne County, KY","7","9","7","9","8684","8102","582","8575","8014","561","8389","7695","694","8538","7364","1174","8213","7059","1154","7882","6762","1120","7725","6724","1001","7466","6575","891","11.9","7159","6449","710","29878"
"21233","KY","Webster County, KY","2","2","8","6","6643","6304","339","6530","6148","382","6403","5997","406","6454","5835","619","6121","5542","579","6208","5712","496","6245","5803","442","6189","5746","443","7.2","6316","5965","351","40881"
"21235","KY","Whitley County, KY","7","8","7","8","15401","14459","942","15011","14057","954","15370","14241","1129","15660","13894","1766","14127","12346","1781","13889","12226","1663","13856","12389","1467","13846","12388","1458","10.5","13497","12321","1176","30878"
"21237","KY","Wolfe County, KY","9","12","9","12","2327","2108","219","2315","2090","225","2313","2087","226","2388","2067","321","2152","1800","352","2102","1790","312","2100","1802","298","2110","1810","300","14.2","2047","1815","232","25657"
"21239","KY","Woodford County, KY","2","2","2","2","13479","12911","568","13264","12751","513","13134","12508","626","12984","11916","1068","14441","13394","1047","14320","13391","929","14121","13358","763","14257","13498","759","5.3","14166","13528","638","59233"
"22000","LA","Louisiana",,,,,"1988513","1899981","88532","2030434","1944038","86396","2084835","1982381","102454","2064768","1923884","140884","2086076","1919852","166224","2073353","1910703","162650","2080806","1932595","148211","2106621","1964932","141689","6.7","2157232","2019655","137577","44234"
"22001","LA","Acadia Parish, LA","4","5","2","2","25931","24985","946","26303","25315","988","27106","25970","1136","26174","24485","1689","26130","24233","1897","25795","24065","1730","26143","24564","1579","26418","24833","1585","6","26895","25357","1538","38788"
"22003","LA","Allen Parish, LA","6","6","6","6","8710","8253","457","8809","8308","501","8870","8316","554","9092","8240","852","9395","8471","924","9221","8374","847","9112","8370","742","8834","8156","678","7.7","9038","8388","650","38122"
"22005","LA","Ascension Parish, LA","2","2","2","2","47386","45441","1945","48952","47011","1941","50938","48704","2234","51521","48463","3058","53392","49414","3978","53958","50133","3825","54865","51488","3377","56971","53768","3203","5.6","58954","55796","3158","70303"
"22007","LA","Assumption Parish, LA","6","5","6","4","10204","9645","559","10461","9973","488","10671","10050","621","10437","9598","839","10067","8902","1165","9971","8768","1203","9947","8985","962","9930","9122","808","8.1","10124","9354","770","44749"
"22009","LA","Avoyelles Parish, LA","6","6","6","6","15986","15177","809","15993","15168","825","16478","15485","993","16420","15188","1232","16867","15453","1414","16646","15238","1408","16379","15125","1254","16151","14948","1203","7.4","16266","15085","1181","33240"
"22011","LA","Beauregard Parish, LA","6","5","6","5","14464","13817","647","14268","13567","701","14643","13843","800","14372","13239","1133","14585","13429","1156","14268","13096","1172","14419","13324","1095","14441","13370","1071","7.4","14822","13809","1013","46225"
"22013","LA","Bienville Parish, LA","6","6","6","6","6322","6005","317","6575","6215","360","6185","5786","399","6263","5663","600","5918","5324","594","5857","5265","592","5946","5416","530","5968","5467","501","8.4","5965","5502","463","33790"
"22015","LA","Bossier Parish, LA","2","2","2","2","52081","50119","1962","53018","50847","2171","54797","52337","2460","53948","50699","3249","56576","53152","3424","56914","53552","3362","57344","53991","3353","57065","53596","3469","6.1","57661","54307","3354","51899"
"22017","LA","Caddo Parish, LA","2","2","2","2","117931","112544","5387","118612","112445","6167","121151","114249","6902","118906","109753","9153","116799","107285","9514","115555","106407","9148","113521","104758","8763","111234","102479","8755","7.9","112139","103833","8306","39776"
"22019","LA","Calcasieu Parish, LA","3","2","3","2","89953","86466","3487","91888","88154","3734","94473","90245","4228","92017","86222","5795","87896","80851","7045","86963","80303","6660","87880","81816","6064","89637","83841","5796","6.5","94601","89004","5597","43779"
"22021","LA","Caldwell Parish, LA","8","7","8","7","4411","4220","191","4546","4328","218","4581","4342","239","4601","4162","439","4179","3726","453","4102","3692","410","3999","3652","347","3966","3648","318","8","4095","3782","313","35987"
"22023","LA","Cameron Parish, LA","3","2","3","2","3669","3535","134","3559","3429","130","3565","3407","158","3113","2930","183","3299","3092","207","3252","3063","189","3227","3056","171","3324","3145","179","5.4","3510","3340","170","51709"
"22025","LA","Catahoula Parish, LA","9","10","9","10","4152","3916","236","4162","3921","241","4235","3949","286","4262","3829","433","4229","3792","437","4059","3640","419","3916","3567","349","3916","3588","328","8.4","3856","3544","312","33557"
"22027","LA","Claiborne Parish, LA","7","9","6","6","6883","6554","329","6710","6340","370","6638","6223","415","6642","6020","622","6892","6289","603","6870","6294","576","7029","6496","533","6566","6068","498","7.6","6408","5924","484","34390"
"22029","LA","Concordia Parish, LA","7","8","7","8","7309","6833","476","7333","6889","444","7635","7067","568","7483","6654","829","7875","7093","782","7819","7062","757","7843","7135","708","7855","7174","681","8.7","7874","7189","685","30432"
"22031","LA","De Soto Parish, LA","2","2","2","2","11326","10765","561","11384","10728","656","11782","10937","845","11452","10482","970","11394","10392","1002","11229","10277","952","11204","10185","1019","11045","10069","976","8.8","11109","10205","904","39403"
"22033","LA","East Baton Rouge Parish, LA","2","2","2","2","213196","203836","9360","216650","207813","8837","218827","208563","10264","217988","204476","13512","221984","205112","16872","221067","204303","16764","222264","207226","15038","226725","212573","14152","6.2","234099","220583","13516","47770"
"22035","LA","East Carroll Parish, LA","7","9","7","11","3130","2864","266","3069","2770","299","3082","2757","325","2976","2588","388","2477","2038","439","2345","1918","427","2195","1750","445","2290","1901","389","17","2238","1906","332","26781"
"22037","LA","East Feliciana Parish, LA","2","2","2","2","7964","7577","387","8052","7669","383","8190","7748","442","8105","7521","584","8103","7427","676","8053","7364","689","7970","7359","611","7985","7429","556","7","8242","7707","535","41578"
"22039","LA","Evangeline Parish, LA","6","6","6","6","12128","11563","565","12333","11707","626","12588","11910","678","12714","11711","1003","13141","12015","1126","13032","11928","1104","12840","11878","962","12903","12022","881","6.8","13233","12340","893","32130"
"22041","LA","Franklin Parish, LA","7","11","7","11","7799","7295","504","7789","7268","521","7862","7264","598","7791","6953","838","8333","7409","924","7966","7031","935","7703","6894","809","7735","6953","782","10.1","7613","6891","722","31243"
"22043","LA","Grant Parish, LA","3","2","3","2","8667","8301","366","8680","8276","404","8937","8463","474","8824","8135","689","8590","7864","726","8355","7654","701","8221","7572","649","8170","7573","597","7.3","8352","7757","595","41208"
"22045","LA","Iberia Parish, LA","4","5","2","2","34260","32954","1306","34429","33154","1275","35239","33729","1510","34245","31889","2356","32240","29464","2776","31871","29353","2518","32234","30048","2186","32388","30290","2098","6.5","32992","30923","2069","41185"
"22047","LA","Iberville Parish, LA","2","2","2","2","12295","11525","770","12270","11548","722","12522","11658","864","12429","11251","1178","14031","12622","1409","13984","12527","1457","13912","12586","1326","14095","12907","1188","8.4","14536","13398","1138","40449"
"22049","LA","Jackson Parish, LA","6","5","6","6","6512","6230","282","6471","6189","282","6667","6339","328","6514","6015","499","7085","6568","517","6949","6430","519","6839","6364","475","6953","6487","466","6.7","7253","6821","432","35730"
"22051","LA","Jefferson Parish, LA","1","1","1","1","","","","221408","213445","7963","217150","207481","9669","211151","197827","13324","216258","200303","15955","213036","197631","15405","212214","197963","14251","214321","200828","13493","6.3","219986","206825","13161","46547"
"22053","LA","Jefferson Davis Parish, LA","6","5","6","6","14419","13935","484","14599","14093","506","15022","14419","603","14684","13832","852","13113","12124","989","12908","11974","934","12970","12128","842","13211","12391","820","6.2","13603","12801","802","40760"
"22055","LA","Lafayette Parish, LA","3","2","2","2","107716","104316","3400","110161","106874","3287","113129","109279","3850","111996","106294","5702","113571","106487","7084","113896","107099","6797","116641","110701","5940","119279","113343","5936","5","121654","115656","5998","54978"
"22057","LA","Lafourche Parish, LA","3","2","3","2","46934","45416","1518","48824","47397","1427","50148","48386","1762","48459","46247","2212","45070","42305","2765","44391","41657","2734","45441","43015","2426","46984","44655","2329","5","48594","46256","2338","52115"
"22059","LA","LaSalle Parish, LA","6","6","6","6","6133","5914","219","6249","6011","238","6410","6151","259","6418","5979","439","6444","6024","420","6691","6305","386","6740","6394","346","7005","6653","352","5","6780","6432","348","42104"
"22061","LA","Lincoln Parish, LA","4","5","4","5","18616","17731","885","18918","17984","934","19417","18356","1061","19299","17863","1436","20309","18533","1776","20094","18226","1868","19497","17801","1696","19607","17994","1613","8.2","19865","18308","1557","34667"
"22063","LA","Livingston Parish, LA","2","2","2","2","54234","52035","2199","55882","53715","2167","58417","55863","2554","58952","55356","3596","61281","56675","4606","61471","56958","4513","62147","58150","3997","64275","60503","3772","5.9","66433","62776","3657","53118"
"22065","LA","Madison Parish, LA","7","8","7","9","4570","4282","288","4453","4153","300","4685","4313","372","4679","4237","442","4170","3668","502","3981","3476","505","3893","3421","472","3981","3541","440","11.1","3907","3466","441","26745"
"22067","LA","Morehouse Parish, LA","6","5","6","5","11526","10750","776","11673","10727","946","11885","10815","1070","11559","9886","1673","11097","9385","1712","11071","9464","1607","11260","9775","1485","11182","9787","1395","12.5","11270","10000","1270","28951"
"22069","LA","Natchitoches Parish, LA","6","5","6","5","17839","17016","823","17455","16557","898","17347","16286","1061","17347","15944","1403","16590","15101","1489","16140","14649","1491","16037","14597","1440","16244","14857","1387","8.5","16325","15018","1307","35165"
"22071","LA","Orleans Parish, LA","1","1","1","1","","","","107655","102197","5458","133877","125795","8082","145831","134275","11556","162592","148465","14127","165825","151388","14437","168992","155445","13547","174107","161218","12889","7.4","178535","166019","12516","36240"
"22073","LA","Ouachita Parish, LA","3","2","3","2","71899","68849","3050","71680","68068","3612","71854","68131","3723","71098","66155","4943","70729","64888","5841","69821","64018","5803","70728","65244","5484","71190","66051","5139","7.2","72457","67414","5043","39976"
"22075","LA","Plaquemines Parish, LA","1","1","1","1","","","","9015","8662","353","8477","8076","401","7974","7456","518","10028","9420","608","10089","9446","643","10135","9523","612","10093","9514","579","5.7","10398","9804","594","51306"
"22077","LA","Pointe Coupee Parish, LA","2","2","2","2","9501","9023","478","9516","9069","447","9660","9147","513","9516","8856","660","10001","9134","867","9980","9066","914","9889","9071","818","9942","9185","757","7.6","10246","9531","715","42129"
"22079","LA","Rapides Parish, LA","3","2","3","2","59660","57225","2435","59862","57345","2517","62250","59372","2878","60738","56864","3874","58820","54349","4471","58209","53744","4465","57243","53191","4052","57396","53444","3952","6.9","58646","54742","3904","39411"
"22081","LA","Red River Parish, LA","6","7","8","7","3252","3047","205","3470","3241","229","3505","3231","274","3517","3182","335","4020","3680","340","4050","3736","314","3949","3656","293","3875","3579","296","7.6","4047","3751","296","35762"
"22083","LA","Richland Parish, LA","6","6","6","6","8588","8136","452","8710","8162","548","8899","8316","583","8906","8038","868","8802","7834","968","8797","7838","959","8663","7821","842","8680","7860","820","9.4","8784","8036","748","32477"
"22085","LA","Sabine Parish, LA","6","6","6","6","9579","9201","378","9441","9018","423","9653","9170","483","9452","8683","769","9673","8970","703","9463","8784","679","9216","8570","646","9253","8625","628","6.8","9271","8662","609","37864"
"22087","LA","St. Bernard Parish, LA","1","1","1","1","","","","9757","9336","421","17556","16765","791","18076","16950","1126","15951","14621","1330","16849","15421","1428","17644","16230","1414","18560","17198","1362","7.3","19032","17712","1320","40705"
"22089","LA","St. Charles Parish, LA","1","1","1","1","","","","26273","25275","998","24794","23627","1167","23740","22192","1548","25481","23594","1887","24843","23040","1803","24719","23087","1632","25011","23437","1574","6.3","25701","24138","1563","56163"
"22091","LA","St. Helena Parish, LA","2","2","2","2","4221","3886","335","4216","3899","317","4284","3903","381","4232","3773","459","4716","4097","619","4641","4002","639","4606","4044","562","4594","4069","525","11.4","4686","4222","464","34229"
"22093","LA","St. James Parish, LA","6","4","1","1","8412","7846","566","8634","8037","597","9190","8505","685","9335","8470","865","10130","8949","1181","9949","8737","1212","9669","8681","988","9708","8808","900","9.3","9913","9074","839","48358"
"22095","LA","St. John the Baptist Parish, LA","1","1","1","1","","","","22505","21380","1125","21176","19887","1289","20455","18691","1764","21535","19252","2283","20961","18733","2228","20491","18606","1885","20099","18415","1684","8.4","20566","18968","1598","47389"
"22097","LA","St. Landry Parish, LA","4","5","4","5","37534","35842","1692","37493","35764","1729","38127","36090","2037","38089","35268","2821","34308","31015","3293","33597","30466","3131","33365","30617","2748","33679","31097","2582","7.7","34223","31639","2584","33781"
"22099","LA","St. Martin Parish, LA","3","2","2","2","23191","22304","887","23666","22792","874","24286","23264","1022","23819","22252","1567","24050","22137","1913","24080","22306","1774","24217","22709","1508","24382","22940","1442","5.9","24835","23415","1420","42110"
"22101","LA","St. Mary Parish, LA","4","5","4","5","23157","22071","1086","23359","22360","999","23734","22573","1161","23070","21326","1744","25185","22815","2370","25151","22894","2257","25436","23504","1932","25100","23442","1658","6.6","25555","23938","1617","39608"
"22103","LA","St. Tammany Parish, LA","1","1","1","1","","","","116435","112699","3736","111695","107230","4465","107777","101926","5851","108755","101906","6849","107991","101158","6833","108809","102303","6506","111452","104990","6462","5.8","114591","108112","6479","61655"
"22105","LA","Tangipahoa Parish, LA","4","3","3","2","50843","48237","2606","52370","49959","2411","53318","50302","3016","52708","48680","4028","53664","48451","5213","53287","48161","5126","53027","48492","4535","53054","48826","4228","8","54165","50104","4061","40228"
"22107","LA","Tensas Parish, LA","9","10","9","10","2328","2143","185","2212","2046","166","2133","1951","182","2051","1804","247","2121","1828","293","1981","1723","258","1817","1618","199","1778","1610","168","9.4","1802","1633","169","28021"
"22109","LA","Terrebonne Parish, LA","3","2","3","2","52669","50862","1807","54759","53108","1651","56498","54376","2122","54316","51695","2621","50910","47617","3293","49914","46791","3123","51035","48292","2743","53213","50512","2701","5.1","55001","52335","2666","51716"
"22111","LA","Union Parish, LA","3","2","3","2","10347","9888","459","10198","9679","519","10179","9618","561","10301","9205","1096","9674","8667","1007","9338","8463","875","9212","8455","757","9181","8476","705","7.7","9355","8658","697","35825"
"22113","LA","Vermilion Parish, LA","4","5","2","2","23969","23036","933","24128","23198","930","24629","23547","1082","24638","23018","1620","25637","23770","1867","25364","23680","1684","25821","24319","1502","26204","24725","1479","5.6","26725","25238","1487","43434"
"22115","LA","Vernon Parish, LA","4","5","5","8","21538","20671","867","21174","20195","979","20886","19869","1017","20574","19195","1379","18553","16958","1595","19227","17498","1729","18868","17315","1553","17891","16326","1565","8.7","17615","16132","1483","42772"
"22117","LA","Washington Parish, LA","6","3","6","3","15527","14614","913","15885","14958","927","16067","15023","1044","15715","14334","1381","17114","15469","1645","16623","15037","1586","16498","15022","1476","16554","15156","1398","8.4","17077","15728","1349","31630"
"22119","LA","Webster Parish, LA","6","5","2","2","19677","18808","869","19807","18777","1030","20297","19026","1271","19627","17928","1699","16831","15083","1748","16548","14898","1650","16057","14532","1525","15696","14252","1444","9.2","15770","14442","1328","35762"
"22121","LA","West Baton Rouge Parish, LA","2","2","2","2","10410","9956","454","10632","10195","437","10779","10246","533","10650","9937","713","11924","10986","938","11934","10998","936","11917","11085","832","12338","11574","764","6.2","12756","12010","746","48848"
"22123","LA","West Carroll Parish, LA","9","10","9","10","5055","4712","343","4485","4059","426","4469","4002","467","4491","3760","731","4452","3727","725","4272","3590","682","4167","3593","574","4270","3723","547","12.8","4289","3734","555","34611"
"22125","LA","West Feliciana Parish, LA","2","2","2","2","4830","4572","258","4788","4521","267","4803","4525","278","4743","4387","356","5237","4885","352","5145","4799","346","5140","4818","322","5254","4934","320","6.1","5436","5120","316","52626"
"22127","LA","Winn Parish, LA","6","6","6","6","6349","6062","287","6375","6054","321","6499","6128","371","6504","5959","545","5813","5270","543","5653","5118","535","5688","5203","485","5421","4989","432","8","5470","5065","405","35674"
"23000","ME","Maine",,,,,"701541","669554","31987","700468","667781","32687","701646","663158","38488","696219","639954","56265","695182","638630","56552","699171","644091","55080","702455","650024","52431","707188","660259","46929","6.6","698928","659052","39876","47095"
"23001","ME","Androscoggin County, ME","3","2","3","2","57735","55073","2662","58125","55454","2671","58148","54929","3219","57854","52990","4864","55919","51119","4800","56056","51513","4543","56383","52025","4358","56579","52847","3732","6.6","56165","53095","3070","44097"
"23003","ME","Aroostook County, ME","7","11","7","11","35544","33233","2311","35128","32921","2207","34952","32506","2446","34534","31175","3359","34708","31345","3363","34537","31153","3384","34199","31009","3190","33940","31042","2898","8.5","33120","30587","2533","37092"
"23005","ME","Cumberland County, ME","2","2","2","2","156163","150916","5247","157386","151982","5404","157278","150651","6627","156176","146081","10095","156088","145853","10235","158057","148110","9947","159750","150244","9506","161342","152808","8534","5.3","159417","152357","7060","55020"
"23007","ME","Franklin County, ME","6","6","6","6","14398","13574","824","14111","13254","857","14238","13229","1009","14375","12877","1498","15550","14125","1425","15521","14126","1395","15527","14194","1333","15494","14303","1191","7.7","15086","14084","1002","41154"
"23009","ME","Hancock County, ME","6","6","6","6","29801","28224","1577","29442","27835","1607","29690","27891","1799","29339","26796","2543","29809","27170","2639","30102","27418","2684","29957","27357","2600","30166","27778","2388","7.9","29849","27760","2089","44463"
"23011","ME","Kennebec County, ME","4","5","4","5","63015","60232","2783","62804","59929","2875","63377","60001","3376","63115","58337","4778","62909","58139","4770","63249","58553","4696","63144","58637","4507","64032","60063","3969","6.2","63515","60077","3438","45151"
"23013","ME","Knox County, ME","7","8","7","11","21421","20521","900","21090","20174","916","20926","19821","1105","20559","18936","1623","20377","18874","1503","20439","18938","1501","20608","19180","1428","20844","19605","1239","5.9","20735","19661","1074","48352"
"23015","ME","Lincoln County, ME","8","7","8","7","18493","17715","778","18187","17424","763","18319","17371","948","17918","16561","1357","17121","15831","1290","17131","15798","1333","17256","15997","1259","17396","16228","1168","6.7","17267","16246","1021","48908"
"23017","ME","Oxford County, ME","6","6","6","6","28503","26889","1614","28305","26645","1660","28212","26254","1958","28053","25049","3004","27955","24953","3002","27887","24957","2930","27898","25212","2686","27862","25561","2301","8.3","27512","25588","1924","38932"
"23019","ME","Penobscot County, ME","3","2","3","2","77596","73751","3845","78551","74526","4025","78814","74277","4537","78535","72099","6436","79120","72329","6791","79639","72987","6652","79947","73716","6231","80365","74803","5562","6.9","79253","74325","4928","43615"
"23021","ME","Piscataquis County, ME","8","6","8","6","7537","7035","502","7426","6869","557","7401","6781","620","7376","6474","902","7917","7122","795","7912","7140","772","7881","7142","739","7925","7223","702","8.9","7769","7187","582","36553"
"23023","ME","Sagadahoc County, ME","2","2","2","2","18721","17977","744","18899","18164","735","19055","18137","918","18686","17355","1331","19195","17939","1256","19131","17855","1276","19190","17942","1248","19176","18101","1075","5.6","19163","18275","888","52279"
"23025","ME","Somerset County, ME","6","6","6","6","25193","23489","1704","24886","23165","1721","24775","22814","1961","24650","21952","2698","24654","21932","2722","24668","22003","2665","24629","22161","2468","24860","22596","2264","9.1","24520","22575","1945","38279"
"23027","ME","Waldo County, ME","6","6","6","6","19537","18528","1009","18872","17847","1025","19082","17893","1189","19025","17338","1687","20375","18666","1709","20363","18701","1662","20650","18968","1682","21027","19542","1485","7.1","20902","19622","1280","43203"
"23029","ME","Washington County, ME","7","11","7","11","15182","14040","1142","14494","13383","1111","14516","13275","1241","14393","12808","1585","14963","13359","1604","14910","13338","1572","14794","13253","1541","14740","13355","1385","9.4","14567","13345","1222","35754"
"23031","ME","York County, ME","2","2","2","2","112709","108346","4363","112738","108199","4539","112858","107347","5511","111656","103107","8549","108518","99877","8641","109556","101497","8059","110647","102996","7651","111435","104405","7030","6.3","110083","104271","5812","55163"
"24000","MD","Maryland",,,,,"2963866","2849354","114512","2970094","2867348","102746","3001953","2874987","126966","3032700","2820245","212455","3073826","2838492","235334","3095984","2871965","224019","3120468","2903161","217307","3124102","2917212","206890","6.6","3111329","2929977","181352","72482"
"24001","MD","Allegany County, MD","3","2","3","2","35178","33192","1986","34917","33139","1778","35327","33330","1997","36201","33120","3081","34417","31204","3213","33994","31000","2994","33733","30839","2894","33443","30706","2737","8.2","33125","30701","2424","39994"
"24003","MD","Anne Arundel County, MD","1","1","1","1","277964","268698","9266","279882","271502","8380","283135","272533","10602","286650","268409","18241","286058","266347","19711","289393","271032","18361","294017","276142","17875","296221","279071","17150","5.8","295723","280492","15231","85685"
"24005","MD","Baltimore County, MD","1","1","1","1","425938","409160","16778","427026","411968","15058","430124","411253","18871","432708","400615","32093","431512","395902","35610","435812","402039","33773","440788","408008","32780","441943","410949","30994","7","440393","413083","27310","64624"
"24009","MD","Calvert County, MD","1","1","1","1","47040","45559","1481","47616","46280","1336","48813","47130","1683","48935","46072","2863","47829","44545","3284","47680","44610","3070","47706","44728","2978","47672","44838","2834","5.9","47581","45078","2503","91993"
"24011","MD","Caroline County, MD","6","4","6","4","16060","15359","701","16199","15529","670","16468","15590","878","16438","14959","1479","17420","15810","1610","17482","15972","1510","17621","16252","1369","17667","16422","1245","7","17487","16381","1106","46015"
"24013","MD","Carroll County, MD","1","1","1","1","94352","91368","2984","93995","91246","2749","95024","91551","3473","95197","89095","6102","92595","86280","6315","92911","87137","5774","93400","87781","5619","92985","87764","5221","5.6","92613","88090","4523","82073"
"24015","MD","Cecil County, MD","1","1","1","1","50626","48411","2215","50522","48588","1934","50885","48298","2587","51045","46415","4630","51979","47029","4950","52077","47469","4608","51865","47574","4291","52125","48120","4005","7.7","52078","48665","3413","64880"
"24017","MD","Charles County, MD","1","1","1","1","74435","72087","2348","75920","73725","2195","77637","74846","2791","78070","73500","4570","78219","72812","5407","78922","73694","5228","79490","74271","5219","80046","74911","5135","6.4","79850","75356","4494","87577"
"24019","MD","Dorchester County, MD","6","5","6","5","16762","15802","960","16661","15700","961","16636","15518","1118","16870","15073","1797","16551","14667","1884","16533","14687","1846","16188","14425","1763","15946","14370","1576","9.9","15820","14476","1344","42542"
"24021","MD","Frederick County, MD","1","1","1","1","122779","118916","3863","123692","120143","3549","123410","118950","4460","124142","116345","7797","127907","119078","8829","128599","120289","8310","128688","120791","7897","128292","120821","7471","5.8","127636","121138","6498","83489"
"24023","MD","Garrett County, MD","6","7","6","7","16763","15950","813","16673","15945","728","16788","15975","813","16815","15510","1305","15806","14404","1402","15775","14482","1293","15788","14521","1267","15672","14449","1223","7.8","15458","14389","1069","44404"
"24025","MD","Harford County, MD","1","1","1","1","132228","127445","4783","131696","127310","4386","133271","127825","5446","134560","124971","9589","132786","122448","10338","133919","124163","9756","135705","126179","9526","135579","126591","8988","6.6","135057","127256","7801","77453"
"24027","MD","Howard County, MD","1","1","1","1","158285","153768","4517","159215","155198","4017","161287","156349","4938","163780","155290","8490","160630","151610","9020","163990","155427","8563","168333","159824","8509","171079","162719","8360","4.9","171079","163556","7523","108503"
"24029","MD","Kent County, MD","6","4","6","4","11004","10576","428","11125","10735","390","11024","10500","524","10886","10061","825","10630","9693","937","10758","9899","859","10625","9822","803","10331","9584","747","7.2","10190","9525","665","55695"
"24031","MD","Montgomery County, MD","1","1","1","1","510593","495926","14667","509769","496401","13368","515987","499705","16282","522421","494565","27856","532549","502710","29839","536635","508528","28107","540444","512589","27855","542028","515153","26875","5","540128","516420","23708","97873"
"24033","MD","Prince Georges County, MD","1","1","1","1","444907","426421","18486","445492","429521","15971","450361","430909","19452","457576","425799","31777","479606","443635","35971","481902","446839","35063","483956","449798","34158","484066","451466","32600","6.7","482279","453982","28297","71682"
"24035","MD","Queen Annes County, MD","1","1","1","1","25798","24931","867","26036","25230","806","26645","25577","1068","27043","25239","1804","26141","24232","1909","26616","24799","1817","26755","25049","1706","26427","24868","1559","5.9","26258","24906","1352","80143"
"24037","MD","St. Marys County, MD","4","3","3","2","50472","48769","1703","50810","49312","1498","52100","50223","1877","53739","50736","3003","53617","50114","3503","54280","50840","3440","54528","51117","3411","54187","50918","3269","6","53908","50995","2913","78274"
"24039","MD","Somerset County, MD","3","2","2","2","11270","10647","623","11168","10573","595","11263","10547","716","11103","10053","1050","9944","8762","1182","9890","8735","1155","9751","8652","1099","9574","8540","1034","10.8","9461","8563","898","36106"
"24041","MD","Talbot County, MD","6","3","6","3","18944","18264","680","18864","18231","633","19212","18411","801","18706","17352","1354","19401","17857","1544","19466","18001","1465","19440","18021","1419","19154","17895","1259","6.6","19102","18023","1079","57525"
"24043","MD","Washington County, MD","3","2","2","2","68305","65252","3053","68045","65091","2954","67668","63919","3749","68286","61672","6614","75802","68528","7274","76498","69769","6729","77302","71139","6163","77228","71418","5810","7.5","76251","71268","4983","55643"
"24045","MD","Wicomico County, MD","3","2","2","2","52187","50060","2127","52137","50113","2024","52749","50030","2719","52443","48067","4376","50455","45538","4917","50545","45663","4882","50447","45788","4659","50002","45707","4295","8.6","49856","46055","3801","47536"
"24047","MD","Worcester County, MD","4","5","2","2","28224","26524","1700","27481","25881","1600","27586","25590","1996","27821","24785","3036","26473","22942","3531","26346","22768","3578","26110","22770","3340","25820","22616","3204","12.4","25658","22756","2902","52276"
"24510","MD","Baltimore city, MD","1","1","1","1","273753","256270","17483","275151","259986","15165","278558","260431","18127","281265","252544","28721","295504","262347","33157","295962","264123","31839","297790","267081","30709","296617","267316","29301","9.9","294340","268824","25516","41988"
"25000","MA","Massachusetts",,,,,"3413339","3246316","167023","3426009","3268096","157913","3452468","3261408","191060","3470382","3189010","281372","3480083","3190818","289265","3469585","3218116","251469","3484781","3251993","232788","3508542","3272002","236540","6.7","3557472","3352663","204809","66794"
"25001","MA","Barnstable County, MA","3","2","3","2","122283","116033","6250","121322","115367","5955","121682","114348","7334","122070","111852","10218","111167","100186","10981","109689","99851","9838","110480","101519","8961","110478","101590","8888","8","111763","103930","7833","60685"
"25003","MA","Berkshire County, MA","3","2","3","2","73357","70095","3262","72820","69538","3282","72825","68940","3885","73086","67457","5629","68276","62343","5933","67322","62093","5229","66610","61795","4815","65953","61107","4846","7.3","66116","61826","4290","51431"
"25005","MA","Bristol County, MA","1","1","1","1","290313","272487","17826","290169","272931","17238","290677","269445","21232","292640","261465","31175","286753","256616","30137","284878","258270","26608","285200","260513","24687","286245","261284","24961","8.7","288918","267712","21206","53626"
"25007","MA","Dukes County, MA","7","12","7","8","11053","10611","442","11128","10726","402","11183","10703","480","11334","10611","723","9101","8216","885","9151","8304","847","9299","8490","809","9364","8524","840","9","9412","8674","738","58276"
"25009","MA","Essex County, MA","1","1","1","1","373881","354214","19667","373827","355585","18242","377099","355000","22099","381088","348072","33016","392621","358557","34064","392797","362910","29887","395262","367499","27763","398283","370470","27813","7","403201","379137","24064","67235"
"25011","MA","Franklin County, MA","2","2","4","5","39639","37879","1760","39104","37435","1669","38937","36919","2018","38913","35959","2954","40099","37112","2987","39588","37056","2532","39626","37268","2358","39233","36853","2380","6.1","39558","37477","2081","51828"
"25013","MA","Hampden County, MA","2","2","2","2","225031","211464","13567","223699","210928","12771","224883","209843","15040","226900","205771","21129","220975","197899","23076","219187","198423","20764","219302","199934","19368","220410","200376","20034","9.1","222549","205148","17401","48560"
"25015","MA","Hampshire County, MA","2","2","2","2","88355","84769","3586","88300","84879","3421","88410","84390","4020","87432","81795","5637","85478","79637","5841","84803","79795","5008","85036","80391","4645","85041","80093","4948","5.8","86287","81945","4342","61911"
"25017","MA","Middlesex County, MA","1","1","1","1","811087","778141","32946","816978","786271","30707","824507","787161","37346","826709","769841","56868","825439","768484","56955","823930","775661","48269","831052","786373","44679","837713","791935","45778","5.5","851640","812047","39593","82118"
"25019","MA","Nantucket County/town, MA","7","11","7","11","8396","8197","199","8527","8323","204","8398","8112","286","7810","7283","527","6174","5582","592","6214","5683","531","6380","5889","491","6559","6088","471","7.2","6846","6423","423","71259"
"25021","MA","Norfolk County, MA","1","1","1","1","351993","336899","15094","354533","340362","14171","357635","340143","17492","358021","331869","26152","357867","331270","26597","357109","334569","22540","358321","337663","20658","361325","340316","21009","5.8","367341","348995","18346","83830"
"25023","MA","Plymouth County, MA","1","1","1","1","258422","245440","12982","259937","247187","12750","261448","246149","15299","263807","241447","22360","262349","238844","23505","260984","240698","20286","260703","242253","18450","262922","244434","18488","7","266550","250467","16083","75264"
"25025","MA","Suffolk County, MA","1","1","1","1","357971","339648","18323","364284","347532","16752","371840","351623","20217","374530","345580","28950","393542","363146","30396","395866","369302","26564","400081","375101","24980","405359","379957","25402","6.3","411889","389822","22067","54164"
"25027","MA","Worcester County, MA","2","2","2","2","401558","380437","21121","401374","381033","20341","402921","378631","24290","406048","370006","36042","420245","382927","37318","418067","385501","32566","417432","387306","30126","419663","388976","30687","7.3","425404","399062","26342","62268"
"26000","MI","Michigan",,,,,"5076656","4721085","355571","5011120","4658939","352181","4921466","4529289","392177","4903544","4233803","669741","4798954","4194041","604913","4686948","4198276","488672","4671183","4244118","427065","4728376","4306448","421928","8.9","4750279","4402307","347972","48200"
"26001","MI","Alcona County, MI","9","10","9","10","4461","3977","484","4300","3858","442","4288","3800","488","4127","3351","776","3880","3188","692","3808","3260","548","3717","3242","475","3817","3303","514","13.5","3836","3435","401","36334"
"26003","MI","Alger County, MI","9","9","7","10","4477","4113","364","4393","4022","371","4281","3881","400","4265","3682","583","3593","3085","508","3476","3034","442","3438","3026","412","3392","2992","400","11.8","3315","2975","340","38821"
"26005","MI","Allegan County, MI","4","5","4","5","56445","52889","3556","56007","52431","3576","55201","51149","4052","54382","47374","7008","57023","50551","6472","56838","51832","5006","56740","52521","4219","58284","54318","3966","6.8","59466","56253","3213","55274"
"26007","MI","Alpena County, MI","7","8","7","8","14977","13796","1181","14901","13645","1256","14854","13547","1307","14931","12866","2065","14273","12397","1876","13688","12197","1491","13401","12093","1308","13435","12131","1304","9.7","13527","12460","1067","38784"
"26009","MI","Antrim County, MI","9","10","9","10","11992","11028","964","11860","10901","959","11644","10560","1084","11514","9763","1751","10563","8875","1688","10170","8815","1355","10016","8855","1161","10032","8877","1155","11.5","10080","9132","948","46890"
"26011","MI","Arenac County, MI","8","7","8","7","7902","7093","809","7868","7093","775","7972","7154","818","7916","6598","1318","6958","5810","1148","6690","5745","945","6540","5698","842","6526","5668","858","13.1","6453","5753","700","38201"
"26013","MI","Baraga County, MI","9","10","9","10","4258","3770","488","4263","3716","547","4264","3691","573","4497","3407","1090","3906","3150","756","3663","3059","604","3539","3038","501","3564","3043","521","14.6","3494","3110","384","40402"
"26015","MI","Barry County, MI","2","2","2","2","31110","29434","1676","30385","28719","1666","29945","28030","1915","28915","25916","2999","29360","26318","3042","28884","26509","2375","28995","26988","2007","29417","27502","1915","6.5","30154","28539","1615","51040"
"26017","MI","Bay County, MI","3","2","3","2","55765","51761","4004","55027","51253","3774","54627","50516","4111","54876","48322","6554","54666","48347","6319","53330","48050","5280","52938","48266","4672","53318","48611","4707","8.8","53296","49488","3808","42305"
"26019","MI","Benzie County, MI","9","8","9","8","9174","8445","729","8995","8271","724","8841","8053","788","8724","7523","1201","8961","7755","1206","8694","7643","1051","8535","7637","898","8638","7743","895","10.4","8735","7997","738","43145"
"26021","MI","Berrien County, MI","3","2","3","2","78916","73194","5722","79672","74135","5537","79589","73419","6170","77826","67909","9917","76628","67415","9213","74569","66952","7617","73400","66714","6686","72833","66441","6392","8.8","73339","68413","4926","44291"
"26023","MI","Branch County, MI","6","5","6","5","22658","20926","1732","22254","20601","1653","21828","20010","1818","21605","18550","3055","20042","17507","2535","19178","17160","2018","18668","17005","1663","19105","17485","1620","8.5","19265","18001","1264","43947"
"26025","MI","Calhoun County, MI","3","2","3","2","70774","65679","5095","69772","64905","4867","68837","63770","5067","68573","60507","8066","64996","57389","7607","63230","57003","6227","62270","57057","5213","63075","58073","5002","7.9","64096","60083","4013","44343"
"26027","MI","Cass County, MI","2","2","2","2","27464","25943","1521","27196","25642","1554","26515","24748","1767","25313","22438","2875","24583","21792","2791","24424","22051","2373","23770","21760","2010","23638","21684","1954","8.3","23982","22399","1583","42875"
"26029","MI","Charlevoix County, MI","7","11","7","11","14301","13163","1138","14117","12877","1240","14047","12700","1347","13765","11734","2031","13357","11483","1874","12931","11348","1583","12931","11524","1407","13067","11654","1413","10.8","13115","12061","1054","45629"
"26031","MI","Cheboygan County, MI","7","11","7","11","12887","11580","1307","12466","11172","1294","12174","10825","1349","11907","10260","1647","11358","9772","1586","10841","9504","1337","10511","9262","1249","10548","9329","1219","11.6","10685","9568","1117","37949"
"26033","MI","Chippewa County, MI","5","8","7","8","17648","16091","1557","17520","15965","1555","17239","15601","1638","17191","15010","2181","17806","15682","2124","17398","15499","1899","17140","15398","1742","17104","15282","1822","10.7","16868","15277","1591","45416"
"26035","MI","Clare County, MI","7","9","6","6","13364","11932","1432","13211","11798","1413","12904","11428","1476","12979","10827","2152","12542","10592","1950","12174","10560","1614","11981","10553","1428","11943","10528","1415","11.8","11891","10735","1156","33605"
"26037","MI","Clinton County, MI","2","2","2","2","38029","35971","2058","37861","35778","2083","37703","35506","2197","37232","33718","3514","39637","36310","3327","38974","36221","2753","38572","36180","2392","39228","36819","2409","6.1","39655","37675","1980","61733"
"26039","MI","Crawford County, MI","7","12","7","12","6811","6274","537","6655","6120","535","6459","5864","595","6390","5527","863","5631","4832","799","5499","4791","708","5376","4740","636","5405","4782","623","11.5","5371","4868","503","37627"
"26041","MI","Delta County, MI","5","8","5","8","20541","19014","1527","20145","18599","1546","19692","18067","1625","19498","17108","2390","18177","15898","2279","17818","15892","1926","17520","15789","1731","17562","15763","1799","10.2","17530","16078","1452","41287"
"26043","MI","Dickinson County, MI","5","8","7","8","14494","13636","858","14389","13512","877","14416","13443","973","14291","12630","1661","13213","11692","1521","12811","11577","1234","12639","11574","1065","12671","11619","1052","8.3","12968","12106","862","43290"
"26045","MI","Eaton County, MI","2","2","2","2","59180","55957","3223","58968","55859","3109","58738","55143","3595","57934","51898","6036","57180","51676","5504","55679","51175","4504","54964","51117","3847","55615","51842","3773","6.8","56133","52953","3180","53764"
"26047","MI","Emmet County, MI","7","11","7","11","20001","18238","1763","19810","18013","1797","19796","17874","1922","19586","16791","2795","18512","15839","2673","18049","15679","2370","17819","15678","2141","18215","16044","2171","11.9","17960","16276","1684","48399"
"26049","MI","Genesee County, MI","2","2","2","2","212294","194333","17961","208354","190881","17473","202220","181895","20325","199418","169747","29671","188190","161918","26272","182851","161868","20983","181397","163186","18211","184766","166689","18077","9.8","184458","170159","14299","41393"
"26051","MI","Gladwin County, MI","6","6","6","6","10958","9850","1108","10686","9603","1083","10451","9341","1110","10422","8699","1723","10413","8869","1544","10120","8797","1323","9942","8758","1184","10073","8883","1190","11.8","10045","9124","921","35049"
"26053","MI","Gogebic County, MI","7","11","7","11","7782","7179","603","7625","7029","596","7533","6900","633","7493","6525","968","7226","6281","945","6950","6120","830","6796","6037","759","6746","6008","738","10.9","6750","6160","590","33679"
"26055","MI","Grand Traverse County, MI","5","8","5","8","49164","46110","3054","49059","45808","3251","48759","45204","3555","48509","42776","5733","47553","42015","5538","46663","42071","4592","46379","42561","3818","47268","43649","3619","7.7","47880","45049","2831","50755"
"26057","MI","Gratiot County, MI","6","5","6","5","20342","18541","1801","19857","18125","1732","19368","17591","1777","19605","16866","2739","19544","17233","2311","19081","17157","1924","18613","16918","1695","18545","16858","1687","9.1","18509","17195","1314","42026"
"26059","MI","Hillsdale County, MI","6","6","6","5","22385","20589","1796","21781","19866","1915","20879","18754","2125","20987","17345","3642","21487","18577","2910","20662","18448","2214","20500","18600","1900","20645","18767","1878","9.1","20452","19011","1441","40363"
"26061","MI","Houghton County, MI","5","8","5","8","17820","16555","1265","17657","16379","1278","17402","16064","1338","17689","15776","1913","17939","16010","1929","17326","15657","1669","16928","15401","1527","16922","15404","1518","9","16934","15671","1263","36947"
"26063","MI","Huron County, MI","7","11","7","11","17332","15882","1450","16714","15377","1337","16260","14826","1434","16186","13821","2365","16642","14567","2075","16414","14810","1604","16412","15080","1332","16420","15028","1392","8.5","16630","15491","1139","41044"
"26065","MI","Ingham County, MI","2","2","2","2","153139","143147","9992","153495","143929","9566","152552","141990","10562","151927","134570","17357","148442","133197","15245","145139","132248","12891","143334","132050","11284","144829","133712","11117","7.7","145366","136616","8750","44979"
"26067","MI","Ionia County, MI","2","2","4","5","31552","28883","2669","30484","28179","2305","30027","27549","2478","29284","25163","4121","29931","26363","3568","29113","26253","2860","28663","26210","2453","28928","26597","2331","8.1","29210","27432","1778","49047"
"26069","MI","Iosco County, MI","7","11","7","11","11184","10135","1049","10895","9802","1093","10665","9522","1143","10589","8712","1877","10377","8737","1640","10134","8827","1307","10165","9017","1148","10251","9065","1186","11.6","10353","9361","992","36103"
"26071","MI","Iron County, MI","7","10","7","9","6008","5560","448","5938","5496","442","5838","5357","481","5779","5081","698","5296","4661","635","5171","4633","538","5084","4597","487","5092","4574","518","10.2","5124","4676","448","34698"
"26073","MI","Isabella County, MI","5","8","4","5","38165","36125","2040","38743","36705","2038","38645","36364","2281","38315","34911","3404","35522","32046","3476","34911","31976","2935","34739","32160","2579","35050","32495","2555","7.3","35459","33389","2070","39991"
"26075","MI","Jackson County, MI","3","2","3","2","78168","72349","5819","77563","71629","5934","76407","70110","6297","76509","66125","10384","74673","65564","9109","72635","65404","7231","71683","65502","6181","72545","66447","6098","8.4","72918","68084","4834","45002"
"26077","MI","Kalamazoo County, MI","2","2","2","2","133847","126658","7189","134661","127431","7230","133981","125812","8169","133516","119922","13594","129632","116657","12975","126204","115513","10691","124762","115649","9113","125596","116876","8720","6.9","127445","120362","7083","46445"
"26079","MI","Kalkaska County, MI","7","8","7","8","8886","8173","713","8709","8004","705","8522","7788","734","8496","7272","1224","7918","6680","1238","7597","6604","993","7441","6593","848","7603","6744","859","11.3","7687","6968","719","39269"
"26081","MI","Kent County, MI","2","2","2","2","324689","305699","18990","323454","304257","19197","320177","298902","21275","314423","279938","34485","316233","284168","32065","315194","289207","25987","320110","298140","21970","328417","307636","20781","6.3","335617","319226","16391","51997"
"26083","MI","Keweenaw County, MI","9","8","9","8","1075","964","111","1059","943","116","1062","948","114","1130","970","160","1015","862","153","1017","877","140","985","860","125","988","856","132","13.4","977","872","105","37229"
"26085","MI","Lake County, MI","8","7","9","10","4222","3768","454","4074","3646","428","3940","3501","439","4080","3400","680","3890","3258","632","3860","3330","530","3667","3185","482","3642","3153","489","13.4","3613","3214","399","30656"
"26087","MI","Lapeer County, MI","1","1","1","1","45400","41920","3480","44306","40778","3528","43084","39013","4071","43238","35718","7520","41335","34587","6748","39883","34600","5283","39597","35010","4587","40061","35425","4636","11.6","39995","36051","3944","53506"
"26089","MI","Leelanau County, MI","9","8","9","8","11588","10982","606","11362","10738","624","11142","10468","674","10943","9928","1015","10588","9490","1098","10330","9375","955","10183","9354","829","10322","9516","806","7.8","10531","9833","698","56335"
"26091","MI","Lenawee County, MI","4","5","4","5","50177","46363","3814","49663","45710","3953","48629","43910","4719","48487","40951","7536","49811","43318","6493","48292","43247","5045","47601","43554","4047","47914","44062","3852","8","48161","45075","3086","46693"
"26093","MI","Livingston County, MI","1","1","1","1","96337","91350","4987","94930","89902","5028","92641","86794","5847","91418","80499","10919","94112","83600","10512","92687","84318","8369","93028","85599","7429","94466","87144","7322","7.8","94929","88565","6364","71075"
"26095","MI","Luce County, MI","7","9","7","10","2859","2635","224","2773","2520","253","2739","2489","250","2723","2362","361","2498","2163","335","2412","2116","296","2369","2108","261","2411","2159","252","10.5","2489","2279","210","38284"
"26097","MI","Mackinac County, MI","7","9","7","10","6546","5898","648","6430","5779","651","6298","5573","725","6185","5319","866","5560","4746","814","5290","4594","696","5195","4564","631","5264","4618","646","12.3","5290","4709","581","38839"
"26099","MI","Macomb County, MI","1","1","1","1","425611","395735","29876","421017","391423","29594","412613","378988","33625","416697","350776","65921","420803","362380","58423","409275","363623","45652","410624","370391","40233","418034","377784","40250","9.6","418288","384087","34201","52954"
"26101","MI","Manistee County, MI","7","9","7","9","12299","11230","1069","11982","10963","1019","11714","10695","1019","11606","10102","1504","11051","9605","1446","10687","9403","1284","10510","9366","1144","10543","9415","1128","10.7","10409","9542","867","41258"
"26103","MI","Marquette County, MI","5","8","5","8","35952","33704","2248","35891","33633","2258","35904","33455","2449","36329","32554","3775","34937","31502","3435","33947","30914","3033","34025","31263","2762","34114","31298","2816","8.3","33842","31494","2348","45170"
"26105","MI","Mason County, MI","7","11","7","8","15089","13854","1235","14924","13756","1168","14814","13582","1232","14812","12843","1969","14567","12733","1834","14266","12690","1576","14354","12962","1392","14538","13201","1337","9.2","14794","13709","1085","40438"
"26107","MI","Mecosta County, MI","6","5","6","5","20391","18827","1564","20058","18535","1523","19706","18042","1664","20321","17706","2615","19304","16872","2432","19142","16969","2173","18841","16929","1912","18787","16909","1878","10","18952","17468","1484","39764"
"26109","MI","Menominee County, MI","7","8","7","8","13142","12276","866","13207","12439","768","13069","12260","809","13156","11594","1562","11958","10566","1392","11813","10732","1081","11760","10817","943","11804","10885","919","7.8","11770","10977","793","40866"
"26111","MI","Midland County, MI","4","5","3","2","42326","39865","2461","43003","40609","2394","43191","40565","2626","42860","38692","4168","41219","37196","4023","40874","37438","3436","40720","37535","3185","40983","37806","3177","7.8","41494","38993","2501","53007"
"26113","MI","Missaukee County, MI","9","8","9","8","6715","6180","535","6526","5968","558","6409","5753","656","6322","5338","984","7146","6241","905","7041","6270","771","6927","6247","680","6991","6326","665","9.5","7123","6571","552","40226"
"26115","MI","Monroe County, MI","3","2","3","2","78710","73405","5305","77356","72129","5227","75916","69463","6453","74736","63861","10875","75640","66771","8869","73683","66661","7022","73740","67954","5786","74836","69194","5642","7.5","75701","71071","4630","55745"
"26117","MI","Montcalm County, MI","6","6","2","2","28428","24656","3772","26870","23726","3144","26322","23353","2969","26724","22280","4444","27809","23888","3921","27311","24132","3179","27302","24491","2811","27625","24935","2690","9.7","28003","25921","2082","40790"
"26119","MI","Montmorency County, MI","9","10","9","10","4353","3817","536","4176","3623","553","4010","3461","549","4008","3178","830","3552","2836","716","3348","2741","607","3241","2711","530","3220","2698","522","16.2","3191","2785","406","33742"
"26121","MI","Muskegon County, MI","3","2","3","2","90509","84055","6454","89458","82943","6515","88699","81253","7446","88315","75137","13178","77712","66420","11292","75668","66987","8681","75668","68085","7583","76447","68942","7505","9.8","76809","71123","5686","41556"
"26123","MI","Newaygo County, MI","2","2","6","6","23429","21688","1741","22955","21126","1829","22609","20609","2000","22210","19120","3090","22988","20078","2910","22472","20068","2404","22058","20008","2050","22153","20161","1992","9","22505","20897","1608","43238"
"26125","MI","Oakland County, MI","1","1","1","1","634540","598658","35882","625693","589416","36277","609423","569123","40300","606548","527731","78817","621876","548699","73177","611251","552870","58381","614989","564092","50897","625646","575484","50162","8","627399","584634","42765","67281"
"26127","MI","Oceana County, MI","8","7","6","7","14760","13470","1290","14400","13185","1215","14064","12626","1438","14212","11923","2289","13380","11217","2163","12991","11161","1830","12845","11211","1634","12793","11197","1596","12.5","12905","11635","1270","43134"
"26129","MI","Ogemaw County, MI","9","11","9","11","9842","9012","830","9651","8832","819","9536","8665","871","9627","8325","1302","9082","7767","1315","8786","7660","1126","8634","7645","989","8645","7621","1024","11.8","8571","7738","833","34778"
"26131","MI","Ontonagon County, MI","9","10","9","10","3531","3243","288","3417","3129","288","3274","2977","297","3211","2705","506","3075","2560","515","2779","2326","453","2583","2235","348","2461","2117","344","14","2422","2152","270","33116"
"26133","MI","Osceola County, MI","7","10","9","10","10243","9468","775","9895","9098","797","9441","8564","877","9546","8090","1456","10383","8970","1413","10176","9009","1167","9988","8982","1006","10080","9059","1021","10.1","10168","9303","865","38407"
"26135","MI","Oscoda County, MI","9","12","9","12","4085","3643","442","4013","3589","424","3878","3391","487","3757","2958","799","3316","2667","649","3151","2588","563","2991","2520","471","2980","2510","470","15.8","2927","2577","350","31094"
"26137","MI","Otsego County, MI","7","11","7","11","12625","11549","1076","12333","11188","1145","12024","10833","1191","11993","10235","1758","11870","10180","1690","11456","10055","1401","11204","9996","1208","11279","10091","1188","10.5","11184","10288","896","47016"
"26139","MI","Ottawa County, MI","3","2","2","2","137253","129698","7555","135826","128067","7759","134168","125097","9071","131050","114716","16334","140585","126112","14473","139650","128412","11238","141771","132338","9433","145453","136452","9001","6.2","148812","141774","7038","57994"
"26141","MI","Presque Isle County, MI","7","9","7","9","6233","5459","774","6106","5331","775","6013","5205","808","6043","4911","1132","5755","4751","1004","5572","4672","900","5546","4737","809","5495","4678","817","14.9","5418","4729","689","38648"
"26143","MI","Roscommon County, MI","7","11","7","11","10950","9907","1043","10473","9444","1029","10206","9096","1110","10053","8536","1517","8652","7212","1440","8387","7141","1246","8115","7017","1098","8128","6990","1138","14","7990","7088","902","31690"
"26145","MI","Saginaw County, MI","3","2","3","2","98712","91076","7636","96947","89941","7006","94273","86456","7817","94536","82693","11843","90722","79625","11097","89822","80622","9200","88866","80639","8227","89310","81187","8123","9.1","89280","82718","6562","41510"
"26147","MI","St. Clair County, MI","1","1","1","1","84801","78121","6680","83783","76711","7072","81735","73777","7958","82253","67684","14569","77675","64934","12741","74247","64533","9714","73518","64909","8609","74172","65518","8654","11.7","73900","66598","7302","49949"
"26149","MI","St. Joseph County, MI","4","5","4","5","31549","29424","2125","31678","29652","2026","30595","27988","2607","28889","24635","4254","28110","24585","3525","27616","24598","3018","27465","25008","2457","28288","26084","2204","7.8","29013","27356","1657","43891"
"26151","MI","Sanilac County, MI","6","4","6","4","22618","20623","1995","21820","19836","1984","21151","18856","2295","21027","17345","3682","20006","16923","3083","19510","17113","2397","19328","17287","2041","19477","17417","2060","10.6","19722","18067","1655","41502"
"26153","MI","Schoolcraft County, MI","7","9","7","9","4076","3633","443","3957","3524","433","3893","3461","432","3929","3357","572","3798","3280","518","3679","3188","491","3541","3093","448","3580","3116","464","13","3538","3155","383","38514"
"26155","MI","Shiawassee County, MI","4","5","4","3","36785","33700","3085","36158","33169","2989","35335","31927","3408","35395","30129","5266","34707","30234","4473","33641","30013","3628","33206","30008","3198","33235","30087","3148","9.5","33275","30807","2468","43839"
"26157","MI","Tuscola County, MI","6","6","6","4","29306","26738","2568","28600","26167","2433","27872","25098","2774","28025","23575","4450","26057","22214","3843","25173","22138","3035","24720","22095","2625","25180","22503","2677","10.6","25232","23096","2136","41441"
"26159","MI","Van Buren County, MI","2","2","2","2","41245","38381","2864","40190","37367","2823","39934","36744","3190","39965","34862","5103","37784","32687","5097","36450","32231","4219","35251","31520","3731","35151","31600","3551","10.1","35519","32733","2786","44782"
"26161","MI","Washtenaw County, MI","2","2","2","2","190167","181037","9130","188362","179146","9216","186421","175940","10481","185329","169338","15991","182801","167969","14832","180826","168414","12412","181818","170928","10890","184722","173822","10900","5.9","186775","177805","8970","59965"
"26163","MI","Wayne County, MI","1","1","1","1","901905","827726","74179","883501","810552","72949","863865","783771","80094","869996","728832","141164","802754","678426","124328","774853","674435","100418","769557","679808","89749","772329","682407","89922","11.6","766626","689763","76863","40485"
"26165","MI","Wexford County, MI","7","8","7","8","14939","13684","1255","14590","13325","1265","14319","12775","1544","14482","11938","2544","15218","13023","2195","14660","12866","1794","14493","12886","1607","14711","13060","1651","11.2","14694","13453","1241","39566"
"27000","MN","Minnesota",,,,,"2887832","2772115","115717","2906390","2773704","132686","2925088","2766342","158746","2941976","2713426","228550","2938795","2721194","217601","2944331","2753540","190791","2954950","2789861","165089","2965675","2819252","146423","4.9","2974102","2852476","121626","60664"
"27001","MN","Aitkin County, MN","8","7","8","4","7755","7297","458","7718","7193","525","7681","7061","620","7718","6926","792","7310","6550","760","7100","6427","673","6916","6365","551","6811","6312","499","7.3","6787","6349","438","41784"
"27003","MN","Anoka County, MN","1","1","1","1","190346","182942","7404","189600","180992","8608","189874","179506","10368","190905","174945","15960","187356","172343","15013","186878","174109","12769","187750","176779","10971","188814","179387","9427","5","189696","182015","7681","70619"
"27005","MN","Becker County, MN","6","6","6","6","16807","15951","856","16852","15889","963","16808","15672","1136","17277","15798","1479","17602","16210","1392","17699","16441","1258","17923","16889","1034","18012","17031","981","5.4","17969","17129","840","49183"
"27007","MN","Beltrami County, MN","7","8","7","8","21093","20001","1092","21174","19897","1277","21196","19732","1464","21699","19826","1873","22592","20738","1854","22476","20637","1839","22909","21312","1597","23081","21646","1435","6.2","23413","22191","1222","42364"
"27009","MN","Benton County, MN","3","2","3","2","22332","21341","991","22936","21792","1144","23093","21694","1399","23241","21277","1964","21100","19263","1837","21231","19632","1599","21258","19907","1351","21487","20221","1266","5.9","21633","20558","1075","51564"
"27011","MN","Big Stone County, MN","9","12","9","12","2808","2686","122","2801","2668","133","2803","2648","155","2944","2775","169","2911","2722","189","2901","2714","187","2838","2690","148","2564","2426","138","5.4","2583","2470","113","44637"
"27013","MN","Blue Earth County, MN","5","8","3","2","35989","34813","1176","36387","35023","1364","37418","35772","1646","37819","35390","2429","38114","35687","2427","38290","36223","2067","38429","36593","1836","38716","37117","1599","4.1","38765","37446","1319","51283"
"27015","MN","Brown County, MN","7","8","6","5","14874","14223","651","14676","13966","710","14903","14009","894","15063","13964","1099","15102","14064","1038","15032","14149","883","14859","14026","833","14559","13806","753","5.2","14133","13495","638","52061"
"27017","MN","Carlton County, MN","2","2","2","2","17143","16248","895","17208","16232","976","17438","16277","1161","17566","16079","1487","17794","16304","1490","17618","16276","1342","17523","16323","1200","17552","16506","1046","6","17487","16581","906","52670"
"27019","MN","Carver County, MN","1","1","1","1","49222","47605","1617","49658","47699","1959","50504","48031","2473","50924","47236","3688","51622","48149","3473","52112","49222","2890","52587","50054","2533","53451","51158","2293","4.3","53852","51937","1915","86759"
"27021","MN","Cass County, MN","9","8","9","8","14365","13454","911","14260","13244","1016","14173","12954","1219","14136","12636","1500","14383","12864","1519","14141","12723","1418","13892","12664","1228","14019","12877","1142","8.1","14029","13053","976","48367"
"27023","MN","Chippewa County, MN","7","9","7","9","7136","6864","272","7071","6768","303","7136","6765","371","7298","6733","565","7153","6628","525","7175","6726","449","7078","6706","372","6962","6606","356","5.1","6921","6615","306","55232"
"27025","MN","Chisago County, MN","1","1","1","1","27408","26085","1323","27346","25756","1590","27414","25545","1869","27459","24739","2720","29314","26707","2607","28964","26760","2204","28645","26767","1878","28599","27005","1594","5.6","28735","27410","1325","71397"
"27027","MN","Clay County, MN","3","2","3","2","31273","30273","1000","31280","30201","1079","32244","31052","1192","32769","31199","1570","33883","32009","1874","34601","32683","1918","35115","33427","1688","34843","33354","1489","4.3","35589","34411","1178","52567"
"27029","MN","Clearwater County, MN","8","7","8","7","3794","3424","370","3872","3475","397","4045","3582","463","4223","3604","619","4589","3988","601","4569","4027","542","4423","3956","467","4487","4008","479","10.7","4547","4077","470","44123"
"27031","MN","Cook County, MN","9","12","9","12","3171","3031","140","3133","2982","151","3121","2947","174","3116","2898","218","3056","2837","219","3050","2841","209","3057","2867","190","3062","2885","177","5.8","3074","2905","169","48124"
"27033","MN","Cottonwood County, MN","7","9","7","9","6402","6119","283","6261","6009","252","6290","5959","331","6477","6070","407","6227","5822","405","6134","5758","376","5964","5579","385","5769","5436","333","5.8","5610","5323","287","45453"
"27035","MN","Crow Wing County, MN","5","8","4","3","32307","30720","1587","32719","30893","1826","32735","30464","2271","33408","30187","3221","32033","28983","3050","31526","28781","2745","30990","28629","2361","31486","29335","2151","6.8","31410","29603","1807","48661"
"27037","MN","Dakota County, MN","1","1","1","1","228974","220905","8069","229769","220453","9316","230661","219354","11307","229412","212895","16517","227260","211415","15845","227827","214041","13786","228710","216808","11902","230288","219901","10387","4.5","231677","223120","8557","73833"
"27039","MN","Dodge County, MN","3","2","3","2","11106","10695","411","11028","10552","476","11041","10467","574","11131","10310","821","11307","10525","782","11229","10552","677","11374","10802","572","11359","10824","535","4.7","11301","10841","460","73799"
"27041","MN","Douglas County, MN","7","8","6","5","20004","19237","767","20039","19154","885","20363","19352","1011","20767","19387","1380","19817","18471","1346","19763","18573","1190","19866","18871","995","19921","19043","878","4.4","19962","19237","725","52122"
"27043","MN","Faribault County, MN","7","9","6","6","7842","7493","349","7777","7370","407","7750","7267","483","7712","7005","707","7831","7207","624","7789","7237","552","7793","7341","452","7513","7110","403","5.4","7420","7043","377","47191"
"27045","MN","Fillmore County, MN","8","6","3","2","11207","10746","461","11157","10590","567","10970","10302","668","11270","10359","911","11246","10402","844","11215","10473","742","11305","10684","621","11133","10578","555","5","11108","10630","478","51323"
"27047","MN","Freeborn County, MN","7","8","7","8","16310","15591","719","16336","15530","806","16347","15417","930","16527","15136","1391","17087","15767","1320","17039","15909","1130","16721","15756","965","16499","15682","817","5","16300","15608","692","47698"
"27049","MN","Goodhue County, MN","4","3","4","3","24806","23750","1056","25003","23768","1235","25137","23710","1427","25723","23763","1960","26734","24853","1881","26916","25303","1613","26792","25413","1379","26888","25634","1254","4.7","26835","25802","1033","61428"
"27051","MN","Grant County, MN","9","10","9","10","3039","2880","159","3018","2840","178","3053","2838","215","3174","2909","265","3399","3129","270","3373","3140","233","3346","3142","204","3290","3102","188","5.7","3294","3132","162","49618"
"27053","MN","Hennepin County, MN","1","1","1","1","649356","626223","23133","655691","629005","26686","656957","624644","32313","656192","608540","47652","650894","605297","45597","655641","615948","39693","661846","627275","34571","668496","638016","30480","4.6","672114","647217","24897","64331"
"27055","MN","Houston County, MN","3","2","3","2","11233","10754","479","10980","10424","556","10910","10282","628","11009","10134","875","10830","9999","831","10658","9924","734","10601","9988","613","10506","9980","526","5","10458","10002","456","51160"
"27057","MN","Hubbard County, MN","7","9","7","9","9552","9024","528","9188","8603","585","9562","8839","723","9570","8618","952","9751","8784","967","9506","8633","873","9567","8801","766","9555","8869","686","7.2","9465","8870","595","46530"
"27059","MN","Isanti County, MN","1","1","1","1","21431","20387","1044","21689","20397","1292","21777","20273","1504","21853","19658","2195","20561","18583","1978","20560","18863","1697","20400","18988","1412","20252","19041","1211","6","20336","19326","1010","58436"
"27061","MN","Itasca County, MN","6","6","6","6","22224","20887","1337","22250","20637","1613","22229","20478","1751","22885","20422","2463","22499","20214","2285","22498","20465","2033","22300","20567","1733","21950","20293","1657","7.5","21995","20578","1417","46834"
"27063","MN","Jackson County, MN","7","9","7","9","6663","6405","258","6532","6280","252","6621","6343","278","6976","6598","378","6026","5674","352","6086","5757","329","6223","5942","281","6245","5987","258","4.1","6309","6051","258","56397"
"27065","MN","Kanabec County, MN","6","4","6","4","7779","7238","541","7917","7263","654","8014","7192","822","8115","7056","1059","8784","7800","984","8707","7829","878","8764","7972","792","8822","8099","723","8.2","8858","8202","656","46940"
"27067","MN","Kandiyohi County, MN","4","5","4","5","23206","22302","904","23434","22430","1004","23576","22408","1168","23968","22368","1600","23568","21997","1571","23626","22215","1411","23557","22337","1220","23528","22418","1110","4.7","23798","22808","990","53290"
"27069","MN","Kittson County, MN","9","12","9","12","2582","2442","140","2486","2344","142","2477","2337","140","2523","2342","181","2570","2376","194","2595","2418","177","2564","2415","149","2416","2272","144","6","2388","2273","115","48458"
"27071","MN","Koochiching County, MN","7","11","6","6","6648","6210","438","6517","6063","454","6533","6030","503","6679","6050","629","6938","6336","602","6806","6238","568","6720","6186","534","6741","6185","556","8.2","6409","5868","541","44817"
"27073","MN","Lac qui Parle County, MN","9","12","9","12","4092","3939","153","4055","3887","168","4113","3915","198","4333","4069","264","4082","3810","272","3971","3731","240","3867","3674","193","3675","3471","204","5.6","3638","3466","172","46805"
"27075","MN","Lake County, MN","6","6","6","6","6078","5829","249","6131","5856","275","6169","5843","326","6195","5634","561","5798","5316","482","5810","5411","399","5843","5495","348","5787","5431","356","6.2","5673","5418","255","50875"
"27077","MN","Lake of the Woods County, MN","9","12","9","12","2390","2280","110","2298","2182","116","2272","2135","137","2273","2101","172","2282","2134","148","2337","2193","144","2352","2211","141","2380","2246","134","5.6","2396","2284","112","42644"
"27079","MN","Le Sueur County, MN","6","4","1","1","14165","13403","762","14183","13311","872","14362","13306","1056","14427","12899","1528","15715","14324","1391","15674","14485","1189","15538","14527","1011","15541","14593","948","6.1","15653","14831","822","60190"
"27081","MN","Lincoln County, MN","9","10","9","10","3315","3195","120","3210","3064","146","3259","3094","165","3376","3180","196","3445","3255","190","3446","3268","178","3432","3270","162","3319","3166","153","4.6","3303","3163","140","48205"
"27083","MN","Lyon County, MN","7","8","7","8","14598","14119","479","14454","13902","552","14557","13913","644","14762","13907","855","15226","14375","851","15386","14577","809","15274","14603","671","15318","14689","629","4.1","15331","14795","536","51011"
"27085","MN","McLeod County, MN","6","3","6","3","20469","19648","821","20388","19365","1023","20505","19266","1239","20157","18242","1915","20307","18487","1820","20331","18778","1553","19989","18639","1350","20066","18950","1116","5.6","19808","18909","899","54971"
"27087","MN","Mahnomen County, MN","8","7","8","7","2493","2355","138","2430","2266","164","2413","2239","174","2437","2248","189","2503","2296","207","2492","2303","189","2485","2313","172","2403","2265","138","5.7","2356","2225","131","39706"
"27089","MN","Marshall County, MN","8","7","8","7","5296","4934","362","5172","4759","413","5168","4762","406","5350","4827","523","5698","5170","528","5781","5300","481","5762","5323","439","5580","5156","424","7.6","5621","5252","369","53692"
"27091","MN","Martin County, MN","7","8","7","11","11196","10723","473","11257","10762","495","11492","10930","562","11690","10816","874","11506","10664","842","11198","10462","736","10899","10296","603","10359","9817","542","5.2","10273","9798","475","51118"
"27093","MN","Meeker County, MN","6","4","6","4","12388","11762","626","12380","11646","734","12498","11673","825","12551","11354","1197","12811","11684","1127","12836","11846","990","12772","11934","838","12771","12068","703","5.5","12901","12322","579","55327"
"27095","MN","Mille Lacs County, MN","6","4","1","1","12117","11301","816","12282","11343","939","12317","11203","1114","12423","10866","1557","13152","11695","1457","12919","11676","1243","12739","11671","1068","12716","11759","957","7.5","12790","11940","850","48978"
"27097","MN","Morrison County, MN","6","6","6","4","17246","16295","951","17315","16250","1065","17683","16346","1337","18341","16321","2020","18617","16849","1768","18740","17200","1540","17988","16723","1265","17718","16531","1187","6.7","17364","16295","1069","48716"
"27099","MN","Mower County, MN","4","5","4","5","20159","19390","769","20346","19523","823","20449","19510","939","21020","19709","1311","20908","19634","1274","20805","19629","1176","20723","19692","1031","20524","19610","914","4.5","20328","19568","760","50479"
"27101","MN","Murray County, MN","9","10","9","10","5465","5252","213","5382","5152","230","5431","5155","276","5755","5429","326","5022","4678","344","5036","4722","314","5010","4750","260","4848","4591","257","5.3","4871","4638","233","53300"
"27103","MN","Nicollet County, MN","5","8","3","2","19331","18725","606","19264","18565","699","19842","18979","863","19951","18704","1247","19782","18575","1207","19926","18912","1014","19798","18898","900","19763","19029","734","3.7","19800","19209","591","58620"
"27105","MN","Nobles County, MN","7","8","7","8","11194","10846","348","11134","10748","386","11144","10681","463","11615","11009","606","11522","10876","646","11477","10873","604","11323","10833","490","11089","10644","445","4","11220","10841","379","50936"
"27107","MN","Norman County, MN","8","7","8","7","3601","3422","179","3551","3370","181","3536","3337","199","3596","3366","230","3603","3355","248","3645","3402","243","3532","3325","207","3320","3130","190","5.7","3327","3164","163","45276"
"27109","MN","Olmsted County, MN","3","2","3","2","78568","75882","2686","79951","76931","3020","79968","76415","3553","81545","76566","4979","81197","76368","4829","81261","76990","4271","82788","79141","3647","83582","80252","3330","4","82905","80098","2807","65829"
"27111","MN","Otter Tail County, MN","6","5","6","5","29160","27742","1418","29322","27773","1549","29643","27837","1806","30228","27822","2406","30869","28657","2212","30869","28898","1971","30862","29159","1703","30939","29325","1614","5.2","30991","29613","1378","48157"
"27113","MN","Pennington County, MN","6","6","6","6","8358","7897","461","8550","7961","589","8718","8100","618","8975","8184","791","8398","7639","759","8551","7898","653","8610","8047","563","8673","8131","542","6.2","8955","8511","444","47300"
"27115","MN","Pine County, MN","6","4","6","4","13593","12711","882","13713","12664","1049","14161","12950","1211","14543","12919","1624","15355","13848","1507","15149","13809","1340","14930","13805","1125","14874","13842","1032","6.9","14655","13769","886","43026"
"27117","MN","Pipestone County, MN","6","6","6","6","5097","4927","170","5292","5094","198","5615","5366","249","5578","5225","353","5148","4809","339","5026","4701","325","4918","4676","242","4700","4485","215","4.6","4795","4617","178","47613"
"27119","MN","Polk County, MN","3","2","3","2","17063","16271","792","16675","15910","765","16893","16044","849","17149","16141","1008","17156","16019","1137","17402","16186","1216","17535","16470","1065","17120","16211","909","5.3","17194","16424","770","52706"
"27121","MN","Pope County, MN","8","6","8","6","6180","5940","240","6101","5830","271","6093","5769","324","6249","5805","444","5880","5461","419","5855","5512","343","5960","5685","275","5977","5725","252","4.2","6121","5899","222","55404"
"27123","MN","Ramsey County, MN","1","1","1","1","268666","258249","10417","271469","259552","11917","271843","257550","14293","270603","250001","20602","270064","249936","20128","272203","254152","18051","273750","258068","15682","275898","262422","13476","4.9","277177","266235","10942","56293"
"27125","MN","Red Lake County, MN","8","7","8","7","2223","2074","149","2297","2111","186","2361","2174","187","2432","2187","245","2419","2187","232","2420","2226","194","2346","2178","168","2260","2109","151","6.7","2278","2149","129","45019"
"27127","MN","Redwood County, MN","7","9","7","9","8088","7760","328","8272","7882","390","8089","7651","438","8438","7870","568","8580","8002","578","8379","7873","506","8229","7777","452","8070","7630","440","5.5","8036","7688","348","50453"
"27129","MN","Renville County, MN","9","9","8","4","8284","7882","402","8482","8037","445","8682","8181","501","8771","8083","688","8994","8270","724","8538","7914","624","8447","7880","567","8253","7723","530","6.4","8239","7802","437","53823"
"27131","MN","Rice County, MN","4","3","4","3","31709","30340","1369","32138","30545","1593","32732","30805","1927","33630","30775","2855","34985","32264","2721","34748","32444","2304","34968","32939","2029","35077","33350","1727","4.9","35132","33713","1419","58644"
"27133","MN","Rock County, MN","6","6","6","6","4964","4825","139","4925","4769","156","4945","4754","191","5052","4784","268","5376","5104","272","5611","5375","236","5560","5358","202","5637","5458","179","3.2","5678","5537","141","54045"
"27135","MN","Roseau County, MN","7","11","7","11","10127","9487","640","9755","9140","615","9562","9089","473","9533","8809","724","8685","8130","555","8522","8067","455","8562","8159","403","8635","8257","378","4.4","8818","8501","317","51576"
"27137","MN","St. Louis County, MN","2","2","2","2","101848","96738","5110","103338","97591","5747","104443","97825","6618","105614","95965","9649","103374","94990","8384","102204","94699","7505","101859","95262","6597","102459","96289","6170","6","101800","96681","5119","46022"
"27139","MN","Scott County, MN","1","1","1","1","71811","69311","2500","73099","70143","2956","74340","70646","3694","74949","69500","5449","74151","69065","5086","74874","70534","4340","76035","72250","3785","77161","73796","3365","4.4","77622","74879","2743","85481"
"27141","MN","Sherburne County, MN","1","1","1","1","48064","45991","2073","48738","46299","2439","49592","46531","3061","49293","44821","4472","48990","44867","4123","48840","45355","3485","48756","45754","3002","48909","46309","2600","5.3","49186","47001","2185","74915"
"27143","MN","Sibley County, MN","8","4","1","1","8731","8365","366","8694","8256","438","8650","8109","541","8892","8193","699","8507","7837","670","8486","7910","576","8436","7940","496","8338","7884","454","5.4","8425","8049","376","56007"
"27145","MN","Stearns County, MN","3","2","3","2","81617","78355","3262","83223","79426","3797","83513","78874","4639","84273","77734","6539","85675","79495","6180","85933","80561","5372","86522","81869","4653","86899","82668","4231","4.9","87592","84083","3509","56705"
"27147","MN","Steele County, MN","5","8","5","8","20014","19222","792","20401","19523","878","20797","19742","1055","20813","19025","1788","21063","19426","1637","21105","19741","1364","21630","20465","1165","21446","20474","972","4.5","21195","20404","791","53932"
"27149","MN","Stevens County, MN","7","11","7","11","5665","5473","192","5640","5430","210","5626","5364","262","5630","5329","301","5547","5238","309","5583","5311","272","5623","5386","237","5523","5317","206","3.7","5571","5395","176","56140"
"27151","MN","Swift County, MN","7","9","7","9","5298","5068","230","5313","5036","277","5223","4905","318","5507","5113","394","5239","4815","424","5188","4820","368","5096","4786","310","4904","4622","282","5.8","4862","4628","234","52083"
"27153","MN","Todd County, MN","6","6","6","6","12351","11713","638","12228","11565","663","12194","11396","798","12534","11417","1117","13519","12471","1048","13288","12386","902","13070","12315","755","12882","12199","683","5.3","12912","12324","588","43974"
"27155","MN","Traverse County, MN","9","10","9","12","1900","1819","81","1839","1744","95","1758","1662","96","1791","1672","119","1881","1764","117","1841","1732","109","1778","1691","87","1663","1580","83","5","1647","1570","77","50451"
"27157","MN","Wabasha County, MN","3","2","3","2","12469","11967","502","12215","11672","543","12085","11476","609","12261","11329","932","12108","11243","865","11945","11210","735","11995","11376","619","11858","11315","543","4.6","11826","11360","466","52617"
"27159","MN","Wadena County, MN","7","9","7","9","6293","5865","428","6271","5805","466","6506","5975","531","6559","5845","714","6483","5822","661","6313","5746","567","6245","5762","483","6177","5750","427","6.9","6158","5781","377","39805"
"27161","MN","Waseca County, MN","7","9","6","4","10501","10073","428","10257","9770","487","10494","9928","566","10492","9633","859","10577","9786","791","10575","9910","665","10244","9656","588","9949","9405","544","5.5","9668","9211","457","53448"
"27163","MN","Washington County, MN","1","1","1","1","127484","122962","4522","127837","122731","5106","129322","122858","6464","128886","119550","9336","132047","123189","8858","133014","125143","7871","134091","127210","6881","135217","129260","5957","4.4","136015","131173","4842","81052"
"27165","MN","Watonwan County, MN","7","9","6","6","5632","5386","246","5487","5211","276","5470","5113","357","5585","5092","493","6311","5850","461","6264","5867","397","6306","5951","355","6194","5869","325","5.2","6151","5850","301","48064"
"27167","MN","Wilkin County, MN","6","5","6","5","3558","3425","133","3484","3352","132","3490","3337","153","3544","3354","190","3815","3606","209","3807","3594","213","3783","3605","178","3622","3472","150","4.1","3599","3480","119","52849"
"27169","MN","Winona County, MN","4","5","4","5","28500","27488","1012","28603","27411","1192","28929","27547","1382","28884","26673","2211","29217","27196","2021","29416","27704","1712","29911","28452","1459","29653","28364","1289","4.3","29410","28338","1072","49636"
"27171","MN","Wright County, MN","1","1","1","1","64671","61904","2767","66107","62767","3340","67440","63324","4116","68094","62001","6093","70096","64462","5634","70252","65454","4798","70484","66382","4102","70727","67180","3547","5","71124","68190","2934","71999"
"27173","MN","Yellow Medicine County, MN","9","9","9","9","5572","5344","228","5687","5444","243","5847","5550","297","5874","5497","377","5878","5508","370","5738","5411","327","5696","5411","285","5554","5283","271","4.9","5455","5231","224","50311"
"28000","MS","Mississippi",,,,,"1290171","1205906","84265","1303514","1224059","79455","1306772","1220991","85781","1269219","1148930","120289","1306608","1170879","135729","1344904","1209971","134933","1319007","1200155","118852","1273643","1162756","110887","8.7","1236310","1139967","96343","38191"
"28001","MS","Adams County, MS","5","8","5","8","13227","12329","898","13391","12539","852","13488","12614","874","12807","11637","1170","12609","11162","1447","12932","11534","1398","12383","11160","1223","11840","10725","1115","9.4","11485","10507","978","31385"
"28003","MS","Alcorn County, MS","7","8","7","8","15434","14319","1115","15416","14359","1057","15249","14091","1158","14874","13110","1764","15722","13906","1816","16222","14450","1772","16032","14631","1401","15394","14170","1224","8","15044","14023","1021","33467"
"28005","MS","Amite County, MS","8","5","8","5","5152","4840","312","5157","4833","324","5211","4848","363","4950","4423","527","4978","4385","593","5000","4426","574","4770","4291","479","4552","4130","422","9.3","4478","4113","365","33571"
"28007","MS","Attala County, MS","6","6","6","6","7452","6880","572","7349","6795","554","7304","6655","649","6937","6011","926","7941","6957","984","7983","7097","886","7596","6852","744","7259","6566","693","9.5","7039","6384","655","31644"
"28009","MS","Benton County, MS","8","4","1","1","2936","2675","261","2913","2641","272","2883","2565","318","2788","2393","395","3269","2865","404","3392","2972","420","3295","2946","349","3138","2806","332","10.6","3049","2762","287","30198"
"28011","MS","Bolivar County, MS","5","8","7","8","15642","14362","1280","15573","14323","1250","15271","13982","1289","14740","13176","1564","14908","13212","1696","15047","13362","1685","14421","12892","1529","13807","12310","1497","10.8","13180","11853","1327","29622"
"28013","MS","Calhoun County, MS","7","10","9","10","6216","5744","472","6072","5582","490","5986","5458","528","5864","5214","650","7020","6376","644","7125","6501","624","6764","6195","569","6423","5860","563","8.8","6212","5716","496","32656"
"28015","MS","Carroll County, MS","9","8","9","8","4846","4565","281","4996","4680","316","4895","4552","343","4740","4231","509","3832","3330","502","3805","3344","461","3674","3276","398","3465","3103","362","10.4","3387","3068","319","37283"
"28017","MS","Chickasaw County, MS","7","9","7","9","7629","6965","664","7427","6688","739","7254","6478","776","7103","6161","942","7947","6989","958","8274","7319","955","8011","7186","825","7623","6791","832","10.9","7163","6429","734","32525"
"28019","MS","Choctaw County, MS","9","10","9","10","3462","3205","257","3480","3219","261","3427","3157","270","3329","2923","406","3747","3322","425","3803","3423","380","3724","3392","332","3746","3424","322","8.6","3500","3200","300","32922"
"28021","MS","Claiborne County, MS","6","7","8","5","3564","3183","381","3573","3182","391","3628","3240","388","3673","3100","573","3578","2982","596","3697","3105","592","3537","2991","546","3303","2736","567","17.2","3113","2647","466","25438"
"28023","MS","Clarke County, MS","9","8","9","8","7068","6638","430","7083","6565","518","7024","6491","533","6687","5944","743","6607","5776","831","6766","5964","802","6741","6015","726","6662","5988","674","10.1","6232","5655","577","34141"
"28025","MS","Clay County, MS","7","9","7","9","8180","7306","874","7924","6749","1175","7319","6380","939","7146","5878","1268","8675","7257","1418","8707","7408","1299","8598","7391","1207","8398","7087","1311","15.6","7977","6854","1123","30935"
"28027","MS","Coahoma County, MS","5","8","7","8","10678","9687","991","10415","9487","928","10173","9258","915","9915","8715","1200","10484","9044","1440","10703","9215","1488","10234","8946","1288","9827","8540","1287","13.1","9493","8312","1181","27500"
"28029","MS","Copiah County, MS","2","2","2","2","12102","11274","828","12173","11278","895","12049","11192","857","11726","10531","1195","11993","10622","1371","12278","10851","1427","11894","10579","1315","11486","10261","1225","10.7","11138","10139","999","32060"
"28031","MS","Covington County, MS","8","6","8","6","8591","8106","485","8815","8345","470","8812","8292","520","8589","7882","707","8228","7402","826","8538","7745","793","8367","7664","703","7954","7323","631","7.9","7757","7241","516","32999"
"28033","MS","DeSoto County, MS","1","1","1","1","73926","70983","2943","76812","73815","2997","78606","74957","3649","76330","70891","5439","79618","73681","5937","83256","77242","6014","83265","77866","5399","81121","76241","4880","6","79242","74994","4248","59043"
"28035","MS","Forrest County, MS","3","2","3","2","36412","34542","1870","37064","35224","1840","36878","34810","2068","36321","33475","2846","34088","30756","3332","35117","31554","3563","34471","31366","3105","33096","30283","2813","8.5","32467","30036","2431","34391"
"28037","MS","Franklin County, MS","9","10","9","10","3153","2944","209","3137","2920","217","3083","2853","230","2996","2663","333","3234","2866","368","3224","2873","351","3077","2775","302","2957","2679","278","9.4","2868","2625","243","35963"
"28039","MS","George County, MS","3","2","6","6","8817","8020","797","9107","8463","644","9565","8860","705","9384","8443","941","8762","7753","1009","9073","7962","1111","8839","7932","907","8572","7750","822","9.6","8904","8157","747","43597"
"28041","MS","Greene County, MS","8","7","8","7","4924","4560","364","4934","4562","372","4959","4512","447","4829","4270","559","4578","4034","544","4698","4129","569","4581","4062","519","4444","3981","463","10.4","4394","3993","401","38192"
"28043","MS","Grenada County, MS","7","8","7","8","9803","9185","618","9651","8958","693","9595","8894","701","8948","7850","1098","9432","8342","1090","9723","8724","999","9634","8740","894","9347","8502","845","9","9152","8471","681","31703"
"28045","MS","Hancock County, MS","3","2","2","2","18207","16455","1752","18300","17349","951","18398","17379","1019","18096","16651","1445","19652","17887","1765","20098","18176","1922","19640","17970","1670","18951","17430","1521","8","18330","16970","1360","43870"
"28047","MS","Harrison County, MS","3","2","2","2","82643","74359","8284","86384","81818","4566","86814","82117","4697","84779","78275","6504","88743","80951","7792","90741","82580","8161","89205","81821","7384","86784","80051","6733","7.8","83826","77963","5863","41657"
"28049","MS","Hinds County, MS","2","2","2","2","118328","111647","6681","117887","111407","6480","116684","109822","6862","113528","104170","9358","113889","102705","11184","118477","107153","11324","115868","105716","10152","110708","101295","9413","8.5","107895","99950","7945","34826"
"28051","MS","Holmes County, MS","6","6","6","6","7157","6424","733","7162","6393","769","7143","6223","920","6956","5621","1335","6850","5506","1344","6911","5667","1244","6629","5533","1096","6313","5243","1070","16.9","6140","5167","973","22674"
"28053","MS","Humphreys County, MS","7","9","6","7","4249","3869","380","4357","3975","382","4337","3919","418","4155","3632","523","3488","2882","606","3434","2792","642","3176","2571","605","3061","2527","534","17.4","2576","2137","439","22599"
"28055","MS","Issaquena County, MS","9","10","8","7","729","659","70","706","652","54","687","628","59","662","586","76","518","440","78","510","413","97","469","389","80","445","355","90","20.2","425","347","78","31254"
"28057","MS","Itawamba County, MS","7","8","7","8","10220","9580","640","10036","9325","711","10069","9263","806","9596","8490","1106","10354","9188","1166","10588","9526","1062","10437","9556","881","10043","9215","828","8.2","9764","9039","725","39927"
"28059","MS","Jackson County, MS","3","2","2","2","58419","53890","4529","59623","56377","3246","61569","58051","3518","60589","55581","5008","64430","58293","6137","65674","58797","6877","63371","57349","6022","61028","55489","5539","9.1","58908","54048","4860","47813"
"28061","MS","Jasper County, MS","9","8","9","8","7518","7079","439","7557","7102","455","7514","6990","524","7102","6347","755","7010","6154","856","7191","6365","826","6901","6203","698","6516","5862","654","10","6283","5734","549","33606"
"28063","MS","Jefferson County, MS","7","10","8","7","2723","2387","336","2779","2415","364","2801","2435","366","2802","2335","467","2472","2007","465","2542","2069","473","2519","2084","435","2484","2001","483","19.4","2389","1993","396","26401"
"28065","MS","Jefferson Davis County, MS","8","7","8","7","5226","4840","386","5252","4885","367","5623","5238","385","5133","4597","536","4594","3961","633","4632","3996","636","4459","3889","570","4216","3683","533","12.6","4075","3643","432","27754"
"28067","MS","Jones County, MS","4","5","4","5","30999","29561","1438","31314","29886","1428","30914","29315","1599","29509","27313","2196","27932","25384","2548","29153","26657","2496","28775","26604","2171","27349","25394","1955","7.1","26472","24813","1659","36204"
"28069","MS","Kemper County, MS","9","8","9","8","4120","3784","336","4108","3789","319","4028","3702","326","3863","3377","486","3894","3330","564","3920","3361","559","3977","3456","521","3962","3444","518","13.1","3765","3261","504","30849"
"28071","MS","Lafayette County, MS","6","3","4","3","21677","20692","985","22115","21072","1043","22246","21088","1158","21475","19763","1712","21645","19630","2015","22960","20982","1978","23386","21585","1801","23039","21372","1667","7.2","22982","21557","1425","40749"
"28073","MS","Lamar County, MS","3","2","3","2","23222","22264","958","23865","22860","1005","24035","22919","1116","23539","21967","1572","27653","25673","1980","28548","26500","2048","28196","26371","1825","27542","25882","1660","6","27073","25666","1407","51337"
"28075","MS","Lauderdale County, MS","5","8","5","8","33025","30971","2054","33274","31163","2111","33549","31308","2241","32362","29297","3065","33063","29541","3522","34439","30889","3550","34644","31499","3145","34627","31674","2953","8.5","32383","29836","2547","35038"
"28077","MS","Lawrence County, MS","8","7","8","7","5071","4696","375","5150","4765","385","5324","4914","410","5127","4556","571","5161","4534","627","5094","4492","602","4957","4441","516","4728","4277","451","9.5","4506","4114","392","36317"
"28079","MS","Leake County, MS","6","6","6","6","8220","7670","550","8152","7636","516","8448","7883","565","8438","7660","778","9177","8289","888","8886","8015","871","8424","7641","783","8123","7409","714","8.8","7770","7198","572","34099"
"28081","MS","Lee County, MS","5","8","5","8","37754","35542","2212","37650","35357","2293","37843","35249","2594","36729","32864","3865","39184","35112","4072","41130","37142","3988","41139","37690","3449","39638","36363","3275","8.3","38580","35627","2953","43221"
"28083","MS","Leflore County, MS","5","8","5","8","13792","12627","1165","13829","12731","1098","13525","12340","1185","12997","11366","1631","11600","9825","1775","11645","9905","1740","11226","9652","1574","10755","9199","1556","14.5","10490","9094","1396","24704"
"28085","MS","Lincoln County, MS","6","5","6","5","14311","13465","846","14222","13312","910","14126","13113","1013","13590","12196","1394","14458","12940","1518","14854","13397","1457","14443","13190","1253","13940","12837","1103","7.9","13623","12697","926","33632"
"28087","MS","Lowndes County, MS","5","8","5","8","25572","23877","1695","26208","24262","1946","25896","23939","1957","24998","22351","2647","26143","23046","3097","27363","24471","2892","27577","25046","2531","27016","24448","2568","9.5","25097","22751","2346","38839"
"28089","MS","Madison County, MS","2","2","2","2","44449","42430","2019","45385","43266","2119","46205","43861","2344","45519","42394","3125","48716","45114","3602","50787","47270","3517","50503","47339","3164","49779","46815","2964","6","48843","46186","2657","64657"
"28091","MS","Marion County, MS","6","6","6","6","10318","9666","652","10329","9683","646","10408","9685","723","10288","9241","1047","10547","9259","1288","10944","9766","1178","10357","9291","1066","9949","8992","957","9.6","9834","8978","856","32628"
"28093","MS","Marshall County, MS","1","1","1","1","14986","13842","1144","15413","14270","1143","15378","14145","1233","14707","12972","1735","15502","13626","1876","15801","13941","1860","15427","13747","1680","14823","13292","1531","10.3","14350","13075","1275","36728"
"28095","MS","Monroe County, MS","7","9","7","9","16639","15213","1426","16536","15021","1515","15864","14341","1523","15489","13352","2137","16302","14157","2145","16602","14595","2007","16169","14380","1789","15525","13669","1856","12","15318","13701","1617","36264"
"28097","MS","Montgomery County, MS","7","9","7","9","4560","4155","405","4493","4084","409","4492","4104","388","4503","3876","627","4678","4031","647","4685","4101","584","4550","4020","530","4380","3877","503","11.5","4168","3764","404","30128"
"28099","MS","Neshoba County, MS","7","9","7","9","14348","13652","696","13988","13284","704","14097","13349","748","13338","12104","1234","11814","10579","1235","11979","10866","1113","11666","10697","969","10950","10096","854","7.8","10700","9971","729","34719"
"28101","MS","Newton County, MS","7","9","7","9","9571","9033","538","9570","9036","534","9450","8838","612","9037","8206","831","9205","8274","931","9412","8535","877","9283","8538","745","8989","8304","685","7.6","8638","8056","582","36904"
"28103","MS","Noxubee County, MS","7","10","7","9","4091","3628","463","4018","3518","500","3813","3297","516","3681","2998","683","4426","3731","695","4382","3745","637","4213","3665","548","4090","3537","553","13.5","4003","3467","536","26459"
"28105","MS","Oktibbeha County, MS","5","8","5","8","19758","18653","1105","19921","18619","1302","20458","19193","1265","19844","18103","1741","21699","19478","2221","22809","20614","2195","22839","20908","1931","22249","20428","1821","8.2","21685","20061","1624","33594"
"28107","MS","Panola County, MS","6","4","6","4","14852","13730","1122","14994","13808","1186","14715","13492","1223","14540","12761","1779","14412","12457","1955","14732","12781","1951","14330","12591","1739","13691","12036","1655","12.1","13343","11873","1470","33129"
"28109","MS","Pearl River County, MS","6","3","6","3","20482","19139","1343","21604","20333","1271","21457","20042","1415","20920","19030","1890","23422","21198","2224","24356","22066","2290","23838","21854","1984","22881","21117","1764","7.7","22105","20589","1516","41706"
"28111","MS","Perry County, MS","3","2","3","2","5114","4777","337","5130","4784","346","5080","4669","411","4847","4326","521","4638","4004","634","4675","4058","617","4441","3934","507","4246","3804","442","10.4","4156","3775","381","34771"
"28113","MS","Pike County, MS","7","8","6","5","15458","14456","1002","15421","14405","1016","15703","14616","1087","15026","13507","1519","15612","13799","1813","15792","13957","1835","15299","13685","1614","14661","13194","1467","10","14327","13109","1218","30835"
"28115","MS","Pontotoc County, MS","7","8","7","8","13289","12520","769","13195","12345","850","13262","12247","1015","12703","11406","1297","13670","12280","1390","14042","12723","1319","14107","13001","1106","13680","12648","1032","7.5","13329","12393","936","40245"
"28117","MS","Prentiss County, MS","7","9","7","9","11159","10375","784","11107","10277","830","11167","10275","892","10818","9424","1394","11601","10235","1366","11750","10522","1228","11444","10455","989","10967","10014","953","8.7","10765","9919","846","34219"
"28119","MS","Quitman County, MS","6","4","6","4","3870","3551","319","3780","3470","310","3618","3301","317","3431","3006","425","3193","2721","472","3124","2661","463","2972","2561","411","2861","2432","429","15","2740","2369","371","26100"
"28121","MS","Rankin County, MS","2","2","2","2","71927","69036","2891","73005","70131","2874","73879","70829","3050","72616","68249","4367","70856","66002","4854","73594","68884","4710","72917","68716","4201","71242","67452","3790","5.3","69830","66561","3269","55838"
"28123","MS","Scott County, MS","6","6","6","6","13262","12566","696","13266","12619","647","13486","12817","669","13412","12472","940","13553","12469","1084","13689","12526","1163","13116","12116","1000","12748","11890","858","6.7","12536","11839","697","31850"
"28125","MS","Sharkey County, MS","9","10","8","7","2537","2303","234","2549","2339","210","2484","2274","210","2381","2124","257","2065","1760","305","2034","1731","303","1941","1678","263","1848","1602","246","13.3","1776","1569","207","27380"
"28127","MS","Simpson County, MS","2","2","2","2","11658","11021","637","11566","10933","633","11603","10925","678","11290","10321","969","11375","10304","1071","11594","10533","1061","11305","10372","933","10956","10129","827","7.5","10698","10005","693","35039"
"28129","MS","Smith County, MS","8","7","8","7","6772","6408","364","6732","6370","362","6495","6079","416","6282","5708","574","7317","6650","667","7423","6799","624","7118","6591","527","6857","6375","482","7","6700","6297","403","36581"
"28131","MS","Stone County, MS","3","2","6","6","7252","6716","536","7700","7268","432","7782","7334","448","7756","7140","616","6848","6117","731","7047","6289","758","6697","6013","684","6457","5841","616","9.5","6266","5728","538","40294"
"28133","MS","Sunflower County, MS","5","8","7","8","11172","10158","1014","10892","9853","1039","10660","9575","1085","10258","8951","1307","9875","8348","1527","9868","8371","1497","9500","8137","1363","9012","7737","1275","14.1","8621","7471","1150","28562"
"28135","MS","Tallahatchie County, MS","7","10","7","9","6157","5699","458","6034","5571","463","5986","5491","495","5870","5212","658","5876","5166","710","6082","5346","736","5775","5132","643","5811","5158","653","11.2","5824","5256","568","29780"
"28137","MS","Tate County, MS","1","1","1","1","11742","10974","768","11838","11132","706","11807","11020","787","11448","10222","1226","12629","11271","1358","12856","11516","1340","12449","11299","1150","11980","10892","1088","9.1","11758","10727","1031","40624"
"28139","MS","Tippah County, MS","7","9","6","4","9311","8684","627","9237","8586","651","8800","7927","873","8334","7106","1228","8990","7777","1213","9304","8199","1105","9055","8141","914","8745","7872","873","10","8641","7903","738","35908"
"28141","MS","Tishomingo County, MS","8","6","8","6","8107","7529","578","7974","7342","632","7937","7240","697","7548","6603","945","7814","6817","997","8082","7104","978","7905","7088","817","7702","6978","724","9.4","7522","6928","594","35891"
"28143","MS","Tunica County, MS","1","1","1","1","4357","4005","352","4392","4047","345","4431","3966","465","4275","3653","622","5030","4339","691","5153","4401","752","4912","4304","608","4799","4192","607","12.6","4721","4139","582","30033"
"28145","MS","Union County, MS","7","9","6","4","11572","10892","680","11808","11086","722","11966","11136","830","11544","10347","1197","12145","10814","1331","13326","11992","1334","13586","12480","1106","13101","12138","963","7.4","12768","11952","816","40148"
"28147","MS","Walthall County, MS","9","10","9","10","5824","5449","375","5878","5510","368","5884","5465","419","5595","4961","634","5810","5060","750","5833","5129","704","5582","4956","626","5301","4726","575","10.8","5109","4614","495","30289"
"28149","MS","Warren County, MS","4","5","4","5","22385","21094","1291","22131","20783","1348","22552","21133","1419","21410","19310","2100","23336","20888","2448","23580","21170","2410","23314","21195","2119","21685","19670","2015","9.3","20674","19009","1665","41883"
"28151","MS","Washington County, MS","5","8","5","8","22139","20065","2074","22053","20204","1849","22335","20244","2091","21400","18491","2909","20949","17637","3312","21215","17912","3303","20057","17146","2911","19149","16328","2821","14.7","18281","15835","2446","28948"
"28153","MS","Wayne County, MS","7","9","7","9","8522","8008","514","8678","8122","556","8566","7929","637","8134","7256","878","8631","7589","1042","8754","7753","1001","8452","7516","936","7900","7042","858","10.9","7634","6933","701","31688"
"28155","MS","Webster County, MS","9","10","9","10","3412","3140","272","3413","3137","276","3416","3103","313","3402","2935","467","4379","3868","511","4411","3945","466","4246","3852","394","4082","3678","404","9.9","3919","3557","362","34930"
"28157","MS","Wilkinson County, MS","8","7","8","7","3505","3228","277","3597","3294","303","3699","3407","292","3875","3457","418","3443","2968","475","3461","3011","450","3267","2867","400","2983","2610","373","12.5","2801","2476","325","26373"
"28159","MS","Winston County, MS","7","9","7","9","7927","7396","531","8025","7496","529","8034","7438","596","7611","6331","1280","7961","6597","1364","8029","6943","1086","7746","6848","898","7402","6569","833","11.3","7109","6352","757","30961"
"28161","MS","Yalobusha County, MS","7","9","7","9","5272","4876","396","5319","4911","408","5442","4978","464","5441","4672","769","5209","4499","710","5386","4745","641","5449","4893","556","5031","4519","512","10.2","4923","4441","482","32660"
"28163","MS","Yazoo County, MS","6","5","2","2","10023","9188","835","10156","9387","769","10130","9252","878","9952","8791","1161","9921","8701","1220","10159","8929","1230","9862","8753","1109","9453","8397","1056","11.2","9275","8305","970","28757"
"29000","MO","Missouri",,,,,"3029689","2882757","146932","3034579","2879647","154932","3028857","2842845","186012","3049563","2766711","282852","3056484","2763535","292949","3049016","2790271","258745","3018211","2807796","210415","3015888","2813839","202049","6.7","3058118","2871217","186901","46905"
"29001","MO","Adair County, MO","7","8","7","8","13728","13136","592","13500","12851","649","13601","12885","716","13601","12704","897","11416","10458","958","11259","10324","935","11077","10324","753","11164","10432","732","6.6","11094","10412","682","35282"
"29003","MO","Andrew County, MO","3","2","3","2","10194","9781","413","10197","9795","402","9991","9512","479","10161","9379","782","9893","9073","820","9749","9074","675","9873","9347","526","9874","9350","524","5.3","9990","9483","507","54185"
"29005","MO","Atchison County, MO","9","10","9","10","3157","3033","124","3209","3069","140","3215","3062","153","3232","2995","237","2998","2740","258","2893","2656","237","2869","2687","182","2876","2708","168","5.8","2897","2739","158","43215"
"29007","MO","Audrain County, MO","6","5","6","5","12098","11563","535","12293","11688","605","12396","11623","773","12164","11029","1135","11130","10062","1068","11288","10365","923","11321","10582","739","11219","10510","709","6.3","11249","10625","624","41164"
"29009","MO","Barry County, MO","6","6","6","6","17790","17066","724","17739","16874","865","17789","16812","977","17376","15948","1428","15608","14101","1507","15691","14330","1361","15075","14014","1061","14874","13865","1009","6.8","14854","13949","905","36573"
"29011","MO","Barton County, MO","6","6","6","6","6083","5769","314","5722","5226","496","5322","4826","496","5244","4685","559","5754","5161","593","5635","5138","497","5536","5116","420","5492","5090","402","7.3","5556","5202","354","37723"
"29013","MO","Bates County, MO","1","1","1","1","7941","7490","451","7921","7440","481","7858","7296","562","7549","6745","804","8393","7470","923","8384","7537","847","8163","7486","677","7983","7375","608","7.6","8156","7584","572","38586"
"29015","MO","Benton County, MO","9","10","7","10","8525","8060","465","8358","7861","497","8355","7779","576","8285","7461","824","7287","6403","884","7224","6437","787","7116","6478","638","7217","6621","596","8.3","7224","6675","549","32563"
"29017","MO","Bollinger County, MO","9","8","3","2","5862","5541","321","5739","5427","312","5587","5212","375","5594","5019","575","5839","5251","588","5755","5237","518","5708","5305","403","5743","5336","407","7.1","5755","5369","386","37627"
"29019","MO","Boone County, MO","3","2","3","2","86737","83884","2853","87412","84162","3250","86871","83038","3833","88081","82526","5555","92513","86542","5971","94086","88703","5383","96158","91779","4379","97381","93001","4380","4.5","98362","94304","4058","49118"
"29021","MO","Buchanan County, MO","3","2","3","2","46535","44413","2122","48263","46115","2148","48673","46134","2539","49582","45372","4210","46638","42361","4277","46440","42698","3742","46598","43668","2930","46507","43626","2881","6.2","46820","44184","2636","43461"
"29023","MO","Butler County, MO","7","8","5","8","21826","20664","1162","21386","19981","1405","21858","20504","1354","21496","19762","1734","18756","16960","1796","18801","17116","1685","18626","17102","1524","18638","17197","1441","7.7","19226","17900","1326","35381"
"29025","MO","Caldwell County, MO","1","1","1","1","4390","4157","233","4374","4135","239","4320","4030","290","4165","3759","406","4558","4122","436","4449","4063","386","4389","4080","309","4341","4048","293","6.7","4410","4165","245","41546"
"29027","MO","Callaway County, MO","3","2","3","2","22599","21613","986","22741","21734","1007","22636","21419","1217","22887","21041","1846","22367","20514","1853","22079","20398","1681","21771","20416","1355","21592","20295","1297","6","21734","20517","1217","45573"
"29029","MO","Camden County, MO","7","9","7","9","22324","21267","1057","22017","20942","1075","22440","21034","1406","22086","19946","2140","19450","17120","2330","19138","17009","2129","18903","17099","1804","18753","17041","1712","9.1","18922","17403","1519","41314"
"29031","MO","Cape Girardeau County, MO","5","8","3","2","38626","37034","1592","38991","37317","1674","38455","36469","1986","38723","35906","2817","41010","38002","3008","40679","37930","2749","40707","38433","2274","40848","38496","2352","5.8","40812","38589","2223","44248"
"29033","MO","Carroll County, MO","6","4","6","4","5284","5042","242","5226","4962","264","5046","4688","358","5091","4561","530","4794","4244","550","4741","4245","496","4583","4202","381","4663","4329","334","7.2","4771","4431","340","41279"
"29035","MO","Carter County, MO","9","10","9","10","2964","2789","175","2904","2721","183","2970","2756","214","3103","2800","303","2665","2358","307","2637","2341","296","2535","2298","237","2540","2304","236","9.3","2575","2350","225","30017"
"29037","MO","Cass County, MO","1","1","1","1","49374","47112","2262","50176","47686","2490","50270","47276","2994","50103","45313","4790","53330","48192","5138","53072","48568","4504","52673","49145","3528","52173","48886","3287","6.3","53200","50178","3022","63031"
"29039","MO","Cedar County, MO","6","6","6","6","6371","6045","326","6483","6114","369","6455","6033","422","6307","5731","576","6110","5527","583","5999","5478","521","5779","5351","428","5864","5455","409","7","5900","5529","371","30816"
"29041","MO","Chariton County, MO","9","9","9","10","4061","3857","204","3936","3717","219","3979","3734","245","4044","3649","395","4126","3734","392","4097","3730","367","4021","3757","264","3729","3496","233","6.2","3845","3622","223","40352"
"29043","MO","Christian County, MO","2","2","2","2","39127","37659","1468","39791","38246","1545","39985","37970","2015","40626","37287","3339","40841","37400","3441","40900","37855","3045","40698","38317","2381","40965","38732","2233","5.5","42077","40014","2063","51394"
"29045","MO","Clark County, MO","9","8","9","8","3575","3396","179","3601","3402","199","3551","3333","218","3578","3149","429","3460","3030","430","3403","3063","340","3329","3065","264","3347","3087","260","7.8","3443","3208","235","39712"
"29047","MO","Clay County, MO","1","1","1","1","113806","108913","4893","116357","111327","5030","116877","110846","6031","120656","110505","10151","124940","114471","10469","125628","116324","9304","126160","118430","7730","126538","118845","7693","6.1","128955","121962","6993","60641"
"29049","MO","Clinton County, MO","1","1","1","1","10278","9771","507","10394","9857","537","10350","9736","614","10121","9128","993","11065","9996","1069","11035","10046","989","10836","10062","774","10743","10020","723","6.7","10935","10296","639","52461"
"29051","MO","Cole County, MO","3","2","3","2","39989","38468","1521","40140","38575","1565","40105","38301","1804","40515","37754","2761","40664","37873","2791","40375","37832","2543","39784","37724","2060","39684","37606","2078","5.2","39984","37986","1998","52023"
"29053","MO","Cooper County, MO","6","6","6","6","9111","8720","391","9187","8775","412","9222","8692","530","9105","8296","809","7957","7180","777","7941","7228","713","7788","7232","556","7674","7144","530","6.9","7719","7264","455","44397"
"29055","MO","Crawford County, MO","6","4","6","4","12076","11379","697","12165","11309","856","12086","11107","979","12221","10877","1344","10839","9467","1372","10884","9706","1178","10732","9797","935","10888","9986","902","8.3","10995","10144","851","37299"
"29057","MO","Dade County, MO","8","7","8","7","3880","3699","181","3745","3546","199","3570","3346","224","3564","3248","316","3400","3069","331","3431","3113","318","3357","3105","252","3442","3207","235","6.8","3516","3307","209","36720"
"29059","MO","Dallas County, MO","2","2","2","2","7579","7191","388","7501","7105","396","7396","6833","563","7309","6459","850","7282","6366","916","7222","6426","796","7089","6442","647","6939","6349","590","8.5","7096","6570","526","37540"
"29061","MO","Daviess County, MO","8","4","8","4","4097","3916","181","4031","3850","181","3922","3712","210","3874","3529","345","4009","3615","394","4053","3694","359","4053","3773","280","4066","3813","253","6.2","4060","3824","236","38332"
"29063","MO","DeKalb County, MO","3","2","3","2","5196","4918","278","5259","4986","273","5166","4841","325","5163","4675","488","5022","4578","444","5035","4631","404","5040","4739","301","5032","4730","302","6","5080","4808","272","44286"
"29065","MO","Dent County, MO","7","9","7","9","6660","6269","391","6654","6207","447","6821","6299","522","6830","6182","648","6538","5864","674","6444","5824","620","6018","5532","486","6606","6142","464","7","6320","5901","419","34761"
"29067","MO","Douglas County, MO","6","6","6","6","6006","5685","321","5881","5534","347","6038","5629","409","6742","6145","597","5247","4610","637","5192","4664","528","5131","4630","501","5049","4587","462","9.2","5034","4657","377","31289"
"29069","MO","Dunklin County, MO","7","8","7","8","14572","13545","1027","14273","13128","1145","14303","13170","1133","14905","13307","1598","12283","10626","1657","12343","10849","1494","12149","10896","1253","12937","11692","1245","9.6","13190","12036","1154","32050"
"29071","MO","Franklin County, MO","1","1","1","1","52801","50008","2793","52534","49604","2930","52866","48907","3959","53651","47196","6455","53431","47372","6059","52928","47948","4980","51856","47763","4093","51543","47814","3729","7.2","52131","48769","3362","51138"
"29073","MO","Gasconade County, MO","6","4","6","4","8174","7731","443","8110","7662","448","7891","7289","602","7991","7068","923","7748","6939","809","7629","6955","674","7521","6987","534","7527","7051","476","6.3","7657","7251","406","41270"
"29075","MO","Gentry County, MO","8","7","8","7","3395","3258","137","3398","3259","139","3482","3325","157","3589","3362","227","3522","3244","278","3586","3336","250","3582","3391","191","3591","3403","188","5.2","3657","3451","206","39265"
"29077","MO","Greene County, MO","2","2","2","2","139277","134046","5231","141794","136126","5668","139388","132293","7095","139574","127872","11702","144664","132595","12069","144372","133773","10599","143603","135063","8540","144287","136349","7938","5.5","148077","140917","7160","38525"
"29079","MO","Grundy County, MO","7","11","7","11","4854","4633","221","4804","4572","232","4930","4655","275","4918","4541","377","4834","4447","387","4955","4603","352","4933","4614","319","4914","4627","287","5.8","4955","4690","265","37172"
"29081","MO","Harrison County, MO","7","11","7","11","4584","4372","212","4547","4340","207","4570","4346","224","4614","4261","353","4060","3674","386","4018","3677","341","3957","3670","287","3960","3672","288","7.3","4017","3759","258","36229"
"29083","MO","Henry County, MO","6","4","6","4","10870","10314","556","10911","10298","613","10899","10169","730","10958","9912","1046","10134","9040","1094","9920","8962","958","9815","9054","761","9857","9160","697","7.1","10145","9496","649","39666"
"29085","MO","Hickory County, MO","8","7","8","7","3410","3174","236","3422","3166","256","3452","3118","334","3512","3042","470","3675","3211","464","3572","3154","418","3613","3178","435","3681","3315","366","9.9","3736","3425","311","30040"
"29087","MO","Holt County, MO","8","7","8","7","2706","2598","108","2702","2566","136","2759","2621","138","2786","2589","197","2691","2477","214","2697","2505","192","2685","2544","141","2739","2592","147","5.4","2734","2600","134","41213"
"29089","MO","Howard County, MO","3","2","6","6","5379","5140","239","5136","4907","229","5105","4800","305","5109","4679","430","4999","4562","437","4865","4464","401","4830","4501","329","4916","4599","317","6.4","5032","4762","270","41356"
"29091","MO","Howell County, MO","7","8","7","8","20009","19170","839","19812","18889","923","19855","18729","1126","19838","17921","1917","17056","15210","1846","16517","14942","1575","16485","15157","1328","16360","15110","1250","7.6","16319","15175","1144","31665"
"29093","MO","Iron County, MO","6","4","7","10","5014","4741","273","5372","5085","287","5731","5406","325","5775","5265","510","3572","2975","597","3569","3067","502","3733","3310","423","3728","3328","400","10.7","3928","3555","373","32994"
"29095","MO","Jackson County, MO","1","1","1","1","335295","316140","19155","336581","316869","19712","333855","310717","23138","343945","308926","35019","360848","322318","38530","358178","324052","34126","354922","327126","27796","352371","325412","26959","7.7","359322","333863","25459","46802"
"29097","MO","Jasper County, MO","3","2","3","2","55703","53329","2374","56572","54023","2549","56721","53747","2974","57882","53156","4726","58998","53990","5008","58838","54367","4471","58089","54641","3448","57883","54507","3376","5.8","57895","54844","3051","40530"
"29099","MO","Jefferson County, MO","1","1","1","1","116819","111115","5704","116051","110041","6010","116350","108378","7972","117270","104862","12408","117489","105293","12196","116883","106627","10256","114954","106656","8298","114597","106793","7804","6.8","116120","108859","7261","55305"
"29101","MO","Johnson County, MO","4","3","4","3","26577","25517","1060","26272","25055","1217","26490","25088","1402","26190","23976","2214","23429","21094","2335","23438","21307","2131","23032","21277","1755","23048","21411","1637","7.1","23182","21717","1465","45011"
"29103","MO","Knox County, MO","9","10","9","10","2357","2265","92","2344","2255","89","2360","2250","110","2343","2202","141","2018","1862","156","1989","1848","141","1976","1866","110","1996","1889","107","5.4","2008","1917","91","34894"
"29105","MO","Laclede County, MO","6","5","6","5","17611","16780","831","17588","16607","981","17873","16516","1357","16533","14465","2068","15910","13934","1976","15918","14117","1801","15749","14288","1461","15557","14071","1486","9.6","15919","14640","1279","36632"
"29107","MO","Lafayette County, MO","1","1","1","1","16673","15873","800","16448","15599","849","16374","15371","1003","15872","14325","1547","17542","15822","1720","17464","15870","1594","17214","15973","1241","16895","15797","1098","6.5","17256","16239","1017","46878"
"29109","MO","Lawrence County, MO","6","6","6","6","19294","18545","749","19267","18487","780","19405","18465","940","19110","17522","1588","17550","15917","1633","17499","16055","1444","17266","16136","1130","17398","16251","1147","6.6","17545","16517","1028","38724"
"29111","MO","Lewis County, MO","9","8","9","8","5802","5586","216","5682","5457","225","5526","5259","267","5475","5022","453","5200","4756","444","5140","4782","358","5148","4866","282","5072","4791","281","5.5","5173","4905","268","41187"
"29113","MO","Lincoln County, MO","1","1","1","1","25735","24382","1353","26364","24869","1495","27016","24901","2115","27431","24186","3245","26694","23546","3148","26682","23994","2688","26281","24091","2190","26250","24265","1985","7.6","26482","24760","1722","54144"
"29115","MO","Linn County, MO","7","11","7","11","6598","6170","428","6455","6043","412","6531","6077","454","6635","6002","633","5447","4763","684","5331","4699","632","5164","4685","479","5294","4837","457","8.6","5243","4825","418","37773"
"29117","MO","Livingston County, MO","6","4","6","4","7100","6797","303","7160","6845","315","7103","6736","367","7364","6795","569","7143","6560","583","7089","6551","538","7207","6758","449","7254","6845","409","5.6","7338","6973","365","38839"
"29119","MO","McDonald County, MO","2","2","2","2","11914","11453","461","11504","11028","476","11033","10491","542","10656","9826","830","10355","9406","949","10236","9381","855","10157","9476","681","9964","9323","641","6.4","10379","9786","593","35915"
"29121","MO","Macon County, MO","7","9","7","9","8288","7889","399","8044","7643","401","7851","7382","469","8213","7520","693","7478","6785","693","7483","6867","616","7484","6981","503","7411","6929","482","6.5","7519","7061","458","38110"
"29123","MO","Madison County, MO","7","9","6","6","6024","5702","322","6056","5711","345","6174","5797","377","6269","5625","644","5455","4791","664","5357","4801","556","5354","4919","435","5539","5128","411","7.4","5533","5163","370","33631"
"29125","MO","Maries County, MO","8","7","8","7","4868","4650","218","4772","4524","248","4788","4488","300","4824","4435","389","4276","3873","403","4224","3872","352","4160","3862","298","4196","3923","273","6.5","4013","3768","245","40404"
"29127","MO","Marion County, MO","5","8","5","8","14478","13769","709","14435","13670","765","14705","13875","830","14946","13537","1409","14762","13419","1343","14540","13454","1086","14449","13566","883","14617","13740","877","6","14685","13877","808","40981"
"29129","MO","Mercer County, MO","9","12","9","12","1850","1771","79","1804","1730","74","1834","1746","88","1760","1632","128","1795","1645","150","1837","1714","123","1828","1734","94","1804","1706","98","5.4","1870","1776","94","38726"
"29131","MO","Miller County, MO","6","6","6","6","13562","12859","703","13345","12643","702","13191","12304","887","12812","11319","1493","11853","10326","1527","11378","10073","1305","11340","10312","1028","11471","10473","998","8.7","11690","10797","893","36552"
"29133","MO","Mississippi County, MO","7","9","6","6","5924","5545","379","5878","5492","386","5820","5397","423","6181","5645","536","6105","5515","590","6073","5486","587","6139","5649","490","6299","5800","499","7.9","6293","5832","461","31421"
"29135","MO","Moniteau County, MO","3","2","3","2","7472","7125","347","7487","7141","346","7419","7010","409","7459","6850","609","7394","6769","625","7371","6807","564","7304","6819","485","7306","6842","464","6.4","7379","6940","439","46123"
"29137","MO","Monroe County, MO","9","9","9","9","4409","4171","238","4351","4102","249","4344","4041","303","4232","3685","547","4116","3611","505","4093","3688","405","4049","3737","312","4107","3803","304","7.4","4197","3922","275","38940"
"29139","MO","Montgomery County, MO","8","4","6","4","6292","5950","342","6123","5789","334","6124","5685","439","6109","5388","721","6044","5371","673","5954","5362","592","5790","5333","457","5712","5299","413","7.2","5729","5386","343","39750"
"29141","MO","Morgan County, MO","8","6","8","7","9554","8922","632","9334","8758","576","9344","8640","704","9297","8129","1168","7981","6821","1160","7872","6876","996","7786","7011","775","7825","7099","726","9.3","8033","7351","682","32761"
"29143","MO","New Madrid County, MO","7","9","7","9","8736","8176","560","8924","8310","614","8920","8283","637","8478","7688","790","8221","7402","819","8231","7433","798","8111","7455","656","8267","7626","641","7.8","8474","7853","621","34927"
"29145","MO","Newton County, MO","3","2","3","2","28111","26842","1269","27856","26541","1315","27618","26088","1530","27751","25504","2247","28745","26161","2584","28969","26658","2311","29311","27501","1810","28890","27154","1736","6","28893","27355","1538","41440"
"29147","MO","Nodaway County, MO","6","5","6","5","12618","12193","425","12575","12104","471","12871","12328","543","12735","11923","812","12188","11340","848","12045","11247","798","12168","11514","654","11887","11147","740","6.2","11732","10973","759","41952"
"29149","MO","Oregon County, MO","9","10","9","10","4371","4158","213","4554","4318","236","4574","4306","268","4664","4237","427","4105","3649","456","4062","3663","399","4038","3721","317","4121","3799","322","7.8","4178","3869","309","29464"
"29151","MO","Osage County, MO","3","2","3","2","7438","7097","341","7371","7023","348","7408","6952","456","7332","6837","495","7463","6947","516","7423","6963","460","7314","6943","371","7195","6837","358","5","7262","6926","336","48990"
"29153","MO","Ozark County, MO","9","10","9","10","4461","4253","208","4388","4158","230","4408","4141","267","4504","4138","366","3600","3177","423","3577","3156","421","3578","3219","359","3652","3289","363","9.9","3663","3345","318","30799"
"29155","MO","Pemiscot County, MO","7","9","7","9","8164","7625","539","8130","7594","536","8253","7640","613","8517","7515","1002","7201","6302","899","7189","6353","836","7080","6405","675","7065","6359","706","10","7124","6480","644","28664"
"29157","MO","Perry County, MO","7","9","6","6","10506","10140","366","10416","10006","410","10440","9955","485","10593","9846","747","9830","9117","713","9870","9213","657","9974","9464","510","10118","9571","547","5.4","10315","9758","557","53798"
"29159","MO","Pettis County, MO","4","3","4","3","20699","19653","1046","20973","19877","1096","21241","19923","1318","20720","18913","1807","20070","18209","1861","20161","18498","1663","19939","18524","1415","20048","18733","1315","6.6","20723","19459","1264","39527"
"29161","MO","Phelps County, MO","5","8","5","8","22495","21522","973","21975","20889","1086","22217","20916","1301","22039","20433","1606","20380","18596","1784","20504","18830","1674","20217","18826","1391","20000","18647","1353","6.8","20239","18984","1255","38930"
"29163","MO","Pike County, MO","6","4","6","4","8969","8509","460","8885","8438","447","9208","8680","528","9283","8440","843","8237","7429","808","8202","7521","681","8111","7555","556","8078","7554","524","6.5","8197","7732","465","39499"
"29165","MO","Platte County, MO","1","1","1","1","47736","45849","1887","48683","46764","1919","48640","46299","2341","49871","46031","3840","51555","47566","3989","52025","48416","3609","52339","49442","2897","52628","49646","2982","5.7","53699","50953","2746","68411"
"29167","MO","Polk County, MO","2","2","2","2","14309","13677","632","14375","13686","689","14092","13235","857","14171","12758","1413","14398","12917","1481","14318","12984","1334","14037","12955","1082","13889","12906","983","7.1","14226","13338","888","38023"
"29169","MO","Pulaski County, MO","5","8","5","8","18565","17674","891","18724","17755","969","19672","18544","1128","20861","19370","1491","16698","15231","1467","16665","15217","1448","15839","14543","1296","15585","14350","1235","7.9","15336","14222","1114","49499"
"29171","MO","Putnam County, MO","9","10","9","10","2557","2431","126","2489","2351","138","2507","2371","136","2495","2313","182","2394","2202","192","2380","2219","161","2356","2215","141","2456","2311","145","5.9","2530","2405","125","34106"
"29173","MO","Ralls County, MO","9","8","9","8","5636","5360","276","5598","5324","274","5693","5389","304","5602","5111","491","5633","5138","495","5647","5223","424","5614","5254","360","5598","5274","324","5.8","5632","5335","297","49393"
"29175","MO","Randolph County, MO","6","5","6","5","13189","12543","646","13122","12418","704","13226","12420","806","13209","11806","1403","10787","9542","1245","10808","9679","1129","10628","9712","916","10494","9664","830","7.9","10580","9861","719","38988"
"29177","MO","Ray County, MO","1","1","1","1","11737","11127","610","11477","10866","611","11336","10615","721","11069","9959","1110","11566","10377","1189","11439","10373","1066","11288","10349","939","11116","10249","867","7.8","11286","10523","763","52430"
"29179","MO","Reynolds County, MO","9","12","9","12","2552","2379","173","2635","2454","181","2688","2491","197","2815","2447","368","2382","2022","360","2319","2012","307","2263","2014","249","2515","2280","235","9.3","2703","2481","222","32089"
"29181","MO","Ripley County, MO","9","10","9","10","6654","6274","380","6645","6202","443","6730","6276","454","6771","6134","637","5392","4697","695","5481","4829","652","5484","4919","565","5519","5027","492","8.9","5593","5147","446","30843"
"29183","MO","St. Charles County, MO","1","1","1","1","190749","183305","7444","192549","184674","7875","193994","183405","10589","196052","179357","16695","205128","188298","16830","206257","192004","14253","205134","193575","11559","206578","195586","10992","5.3","209612","199463","10149","70468"
"29185","MO","St. Clair County, MO","8","4","8","4","4373","4127","246","4224","3948","276","4252","3951","301","4248","3832","416","4134","3670","464","4022","3616","406","3907","3596","311","3911","3609","302","7.7","4023","3715","308","30612"
"29186","MO","Ste. Genevieve County, MO","6","4","6","4","9860","9407","453","9932","9468","464","10080","9486","594","10107","9157","950","9400","8432","968","9310","8451","859","9001","8348","653","9002","8356","646","7.2","9096","8500","596","48266"
"29187","MO","St. Francois County, MO","4","3","4","3","28365","26702","1663","29341","27628","1713","30146","28012","2134","30517","27156","3361","27259","23918","3341","26789","23891","2898","25933","23618","2315","26232","24009","2223","8.5","26452","24455","1997","37696"
"29189","MO","St. Louis County, MO","1","1","1","1","531639","506604","25035","526028","499911","26117","518471","487113","31358","514851","468644","46207","534871","487113","47758","534149","492151","41998","526069","491787","34282","523154","490473","32681","6.2","531068","500039","31029","59284"
"29195","MO","Saline County, MO","6","3","6","3","11984","11439","545","11701","11110","591","11475","10819","656","11858","10935","923","10975","9999","976","11114","10227","887","10998","10269","729","11073","10412","661","6","11308","10679","629","38230"
"29197","MO","Schuyler County, MO","9","8","9","8","2308","2188","120","2165","2041","124","2164","2025","139","2171","1998","173","2009","1806","203","1956","1784","172","1937","1799","138","1956","1810","146","7.5","1958","1821","137","36029"
"29199","MO","Scotland County, MO","9","10","9","10","2481","2375","106","2512","2392","120","2553","2384","169","2494","2296","198","2305","2119","186","2331","2178","153","2340","2222","118","2371","2245","126","5.3","2423","2307","116","36511"
"29201","MO","Scott County, MO","5","8","4","5","20503","19422","1081","19933","18768","1165","19859","18554","1305","20414","18603","1811","18997","17152","1845","19668","17944","1724","19793","18414","1379","19781","18377","1404","7.1","19971","18660","1311","40441"
"29203","MO","Shannon County, MO","9","10","9","10","3765","3519","246","3716","3461","255","3726","3433","293","3753","3297","456","3241","2760","481","3134","2721","413","3055","2717","338","3361","3041","320","9.5","3436","3114","322","26538"
"29205","MO","Shelby County, MO","9","10","9","10","3236","3068","168","3320","3154","166","3322","3146","176","3303","3011","292","3240","2961","279","3204","2974","230","3117","2928","189","3055","2885","170","5.6","3076","2890","186","40420"
"29207","MO","Stoddard County, MO","7","9","6","6","15893","15000","893","15519","14525","994","15408","14246","1162","15183","13735","1448","13601","12180","1421","13685","12322","1363","13429","12279","1150","13163","12039","1124","8.5","13158","12159","999","37689"
"29209","MO","Stone County, MO","8","5","6","5","16373","15281","1092","16361","15309","1052","16531","15241","1290","16074","14137","1937","14487","12485","2002","14175","12395","1780","13647","12125","1522","13562","12149","1413","10.4","13528","12248","1280","39018"
"29211","MO","Sullivan County, MO","9","10","9","10","3372","3188","184","3294","3091","203","3510","3308","202","3625","3380","245","2935","2676","259","2835","2599","236","2771","2582","189","2694","2519","175","6.5","2765","2584","181","37039"
"29213","MO","Taney County, MO","6","5","4","5","26325","24500","1825","27358","25500","1858","28290","26111","2179","28222","24836","3386","26064","22436","3628","26128","22691","3437","25374","22528","2846","25730","23048","2682","10.4","25687","23224","2463","34860"
"29215","MO","Texas County, MO","9","9","9","9","10723","10145","578","11013","10387","626","11182","10405","777","11160","10133","1027","9836","8753","1083","9760","8814","946","9612","8830","782","9669","8891","778","8","9459","8721","738","34266"
"29217","MO","Vernon County, MO","7","11","7","11","10176","9730","446","10077","9584","493","9999","9437","562","9358","8626","732","9567","8776","791","9593","8900","693","9593","9030","563","9757","9181","576","5.9","9856","9300","556","35090"
"29219","MO","Warren County, MO","1","1","1","1","15848","15004","844","16150","15278","872","16538","15302","1236","16736","14841","1895","17254","15356","1898","17107","15554","1553","16893","15627","1266","16831","15677","1154","6.9","17053","15995","1058","52517"
"29221","MO","Washington County, MO","1","1","6","4","10004","9201","803","10006","9179","827","10094","9060","1034","10095","8660","1435","10251","8782","1469","10137","8898","1239","9952","8895","1057","10452","9439","1013","9.7","10521","9625","896","33491"
"29223","MO","Wayne County, MO","9","10","9","10","5745","5382","363","5691","5297","394","5847","5452","395","6034","5486","548","5563","4963","600","5495","4940","555","5308","4832","476","5612","5157","455","8.1","5675","5260","415","31208"
"29225","MO","Webster County, MO","2","2","2","2","17078","16353","725","17034","16218","816","16778","15824","954","16798","15175","1623","16375","14652","1723","16175","14731","1444","15893","14764","1129","15882","14814","1068","6.7","16295","15322","973","44069"
"29227","MO","Worth County, MO","9","10","9","10","1165","1120","45","1147","1094","53","1146","1083","63","1147","1061","86","1256","1171","85","1249","1178","71","1251","1199","52","1329","1275","54","4.1","1332","1280","52","37832"
"29229","MO","Wright County, MO","6","6","6","6","8209","7790","419","8087","7603","484","8211","7617","594","8247","7409","838","7608","6703","905","7599","6856","743","7560","6928","632","7561","6938","623","8.2","7669","7122","547","29605"
"29510","MO","St. Louis city, MO","1","1","1","1","156927","146090","10837","157604","146435","11169","156914","144629","12285","158443","139938","18505","164838","145882","18956","164364","147304","17060","160868","146972","13896","159704","146133","13571","8.5","161379","148984","12395","34346"
"30000","MT","Montana",,,,,"493614","476377","17237","502070","484189","17881","509163","483347","25816","501014","466713","34301","500525","463998","36527","501328","466448","34880","506479","476052","30427","513768","485854","27914","5.4","516437","492091","24346","46893"
"30001","MT","Beaverhead County, MT","7","11","7","11","5053","4900","153","5033","4892","141","5128","4918","210","5161","4903","258","5010","4713","297","4935","4633","302","4909","4642","267","4869","4639","230","4.7","4903","4720","183","40054"
"30003","MT","Big Horn County, MT","6","6","6","6","4999","4655","344","5078","4740","338","5208","4778","430","5223","4727","496","5525","4920","605","5638","4962","676","5532","4861","671","5734","4929","805","14","5644","5079","565","38026"
"30005","MT","Blaine County, MT","9","10","9","12","2812","2716","96","2858","2749","109","2994","2858","136","2880","2732","148","2522","2354","168","2485","2309","176","2482","2326","156","2485","2333","152","6.1","2456","2313","143","35215"
"30007","MT","Broadwater County, MT","9","10","9","10","2297","2222","75","2371","2294","77","2460","2323","137","2408","2222","186","2508","2322","186","2493","2310","183","2481","2294","187","2525","2361","164","6.5","2532","2392","140","46246"
"30009","MT","Carbon County, MT","3","2","3","2","5390","5227","163","5350","5197","153","5313","5084","229","5249","4949","300","5330","4988","342","5294","4988","306","5331","5079","252","5427","5184","243","4.5","5446","5233","213","46413"
"30011","MT","Carter County, MT","9","12","9","12","667","643","24","685","664","21","754","729","25","716","689","27","725","697","28","684","657","27","685","663","22","676","655","21","3.1","685","662","23","39017"
"30013","MT","Cascade County, MT","3","2","3","2","39435","38102","1333","39577","38199","1378","40401","38519","1882","40611","38410","2201","38447","35996","2451","38345","35886","2459","38369","36236","2133","38607","36632","1975","5.1","38560","36881","1679","43674"
"30015","MT","Chouteau County, MT","8","7","8","7","2578","2505","73","2517","2438","79","2656","2560","96","2590","2486","104","2738","2618","120","2654","2532","122","2667","2562","105","2601","2505","96","3.7","2619","2534","85","41177"
"30017","MT","Custer County, MT","7","11","7","11","5693","5508","185","5760","5567","193","5892","5643","249","5845","5559","286","6400","6110","290","6370","6109","261","6537","6302","235","6670","6446","224","3.4","6614","6399","215","43958"
"30019","MT","Daniels County, MT","9","12","9","12","758","734","24","768","747","21","803","773","30","780","748","32","946","913","33","943","910","33","941","911","30","937","907","30","3.2","959","929","30","51400"
"30021","MT","Dawson County, MT","7","11","7","11","4156","4034","122","4255","4135","120","4396","4233","163","4366","4159","207","4513","4323","190","4548","4382","166","4647","4493","154","4835","4682","153","3.2","4898","4768","130","50650"
"30023","MT","Deer Lodge County, MT","7","9","7","9","3893","3701","192","3901","3715","186","3848","3592","256","3935","3637","298","5181","4864","317","5159","4838","321","5196","4900","296","5243","4980","263","5","5307","5069","238","37542"
"30025","MT","Fallon County, MT","9","12","9","12","1767","1732","35","1741","1706","35","1823","1775","48","1894","1834","60","1898","1840","58","1954","1902","52","2033","1991","42","2049","2009","40","2","2098","2058","40","59083"
"30027","MT","Fergus County, MT","7","11","7","11","5745","5505","240","5862","5630","232","5950","5666","284","6044","5713","331","6017","5631","386","5909","5547","362","5855","5540","315","5904","5614","290","4.9","5804","5551","253","41111"
"30029","MT","Flathead County, MT","5","8","5","8","44224","42504","1720","45734","43927","1807","46329","43214","3115","44642","39366","5276","43786","38512","5274","43590","38825","4765","43311","39409","3902","44076","40703","3373","7.7","44066","41206","2860","46885"
"30031","MT","Gallatin County, MT","5","8","5","8","49210","48009","1201","50406","49082","1324","50885","48733","2152","48837","45442","3395","50768","47316","3452","51556","48466","3090","52490","49793","2697","55103","52830","2273","4.1","57218","55225","1993","56680"
"30033","MT","Garfield County, MT","9","12","9","12","638","615","23","643","624","19","657","634","23","652","628","24","763","736","27","777","747","30","768","744","24","766","742","24","3.1","748","728","20","38663"
"30035","MT","Glacier County, MT","7","11","7","11","5981","5575","406","5812","5346","466","5854","5318","536","5767","5230","537","6260","5648","612","6065","5373","692","6349","5719","630","6380","5734","646","10.1","5965","5325","640","33648"
"30037","MT","Golden Valley County, MT","8","7","3","2","529","509","20","561","539","22","580","551","29","554","525","29","418","390","28","391","371","20","390","372","18","399","379","20","5","402","383","19","36747"
"30039","MT","Granite County, MT","8","7","8","7","1246","1190","56","1283","1222","61","1292","1205","87","1252","1122","130","1458","1323","135","1460","1326","134","1477","1353","124","1513","1395","118","7.8","1541","1433","108","41391"
"30041","MT","Hill County, MT","7","8","7","11","7904","7597","307","8078","7745","333","8233","7816","417","8207","7758","449","7982","7518","464","7989","7487","502","8034","7565","469","7984","7458","526","6.6","7902","7441","461","43244"
"30043","MT","Jefferson County, MT","9","8","9","8","5739","5531","208","5851","5668","183","5996","5719","277","6036","5652","384","5628","5274","354","5622","5268","354","5601","5290","311","5641","5364","277","4.9","5696","5434","262","59001"
"30045","MT","Judith Basin County, MT","8","7","8","7","1042","1006","36","1046","1007","39","1108","1059","49","1070","1013","57","1009","944","65","968","908","60","991","939","52","983","935","48","4.9","975","933","42","41731"
"30047","MT","Lake County, MT","6","6","6","6","11509","10947","562","11641","11006","635","11678","10797","881","11410","10357","1053","12644","11512","1132","12568","11410","1158","12455","11477","978","12471","11632","839","6.7","12640","11904","736","39219"
"30049","MT","Lewis and Clark County, MT","5","8","5","8","31787","30763","1024","33292","32281","1011","34102","32683","1419","33935","32223","1712","34314","32427","1887","34517","32671","1846","34923","33217","1706","35267","33730","1537","4.4","35495","34166","1329","53982"
"30051","MT","Liberty County, MT","9","10","9","12","824","798","26","799","776","23","777","744","33","751","719","32","1033","988","45","1018","977","41","1035","992","43","998","963","35","3.5","988","957","31","39073"
"30053","MT","Lincoln County, MT","7","9","7","9","7722","7193","529","7811","7227","584","7851","7001","850","7891","6727","1164","8429","7167","1262","8220","6996","1224","8216","7179","1037","8170","7109","1061","13","8041","7134","907","34926"
"30055","MT","McCone County, MT","9","12","9","12","994","968","26","1000","978","22","1031","1002","29","1016","983","33","1131","1098","33","1098","1065","33","1089","1056","33","1101","1075","26","2.4","1113","1086","27","41918"
"30057","MT","Madison County, MT","9","10","9","10","4089","3962","127","4446","4319","127","4550","4357","193","4207","3940","267","4155","3840","315","4176","3873","303","4110","3855","255","4183","3954","229","5.5","4253","4056","197","44046"
"30059","MT","Meagher County, MT","9","10","9","10","904","864","40","901","850","51","891","829","62","857","784","73","935","860","75","911","843","68","930","879","51","936","887","49","5.2","933","893","40","35694"
"30061","MT","Mineral County, MT","8","7","8","7","1956","1859","97","1968","1875","93","1896","1759","137","1919","1718","201","1789","1566","223","1790","1574","216","1765","1574","191","1785","1604","181","10.1","1770","1610","160","36169"
"30063","MT","Missoula County, MT","3","2","3","2","58662","56793","1869","59156","57129","2027","59098","56136","2962","58728","55014","3714","58536","54244","4292","58765","54821","3944","59122","55653","3469","59733","56635","3098","5.2","60284","57582","2702","45895"
"30065","MT","Musselshell County, MT","8","7","8","7","2076","1992","84","2037","1928","109","2157","2030","127","2438","2276","162","2381","2217","164","2330","2175","155","2415","2286","129","2389","2269","120","5","2405","2307","98","39403"
"30067","MT","Park County, MT","7","9","7","9","9235","8930","305","9075","8755","320","9032","8555","477","8594","7907","687","7890","7199","691","7881","7230","651","8021","7464","557","8051","7545","506","6.3","8114","7658","456","42439"
"30069","MT","Petroleum County, MT","9","12","9","12","225","215","10","235","223","12","249","235","14","236","223","13","299","283","16","280","264","16","299","286","13","296","282","14","4.7","298","286","12","37276"
"30071","MT","Phillips County, MT","9","12","9","12","2068","1989","79","2055","1969","86","2186","2074","112","2237","2111","126","2208","2058","150","2125","1979","146","2059","1936","123","2070","1948","122","5.9","2014","1906","108","40202"
"30073","MT","Pondera County, MT","7","11","7","11","2738","2628","110","2721","2613","108","2627","2482","145","2573","2412","161","2953","2780","173","2931","2753","178","2941","2795","146","2917","2773","144","4.9","2873","2731","142","40694"
"30075","MT","Powder River County, MT","9","12","9","12","896","867","29","898","869","29","949","915","34","900","864","36","1044","1005","39","1058","1008","50","1078","1037","41","1131","1094","37","3.3","1061","1027","34","43107"
"30077","MT","Powell County, MT","7","9","6","6","2662","2527","135","2644","2503","141","2757","2545","212","2718","2470","248","2959","2735","224","2992","2761","231","3018","2819","199","2968","2798","170","5.7","2967","2812","155","39820"
"30079","MT","Prairie County, MT","9","12","9","12","549","527","22","545","526","19","594","569","25","589","565","24","567","538","29","531","502","29","529","506","23","524","500","24","4.6","524","501","23","41843"
"30081","MT","Ravalli County, MT","6","6","6","6","18645","17855","790","18648","17813","835","18791","17558","1233","18263","16583","1680","18864","17095","1769","18659","16987","1672","18716","17286","1430","18871","17585","1286","6.8","18981","17802","1179","39487"
"30083","MT","Richland County, MT","7","11","7","9","5107","4968","139","5436","5305","131","5566","5388","178","5483","5223","260","5763","5545","218","6152","5961","191","6713","6524","189","7111","6925","186","2.6","7335","7159","176","64171"
"30085","MT","Roosevelt County, MT","7","11","7","9","3891","3655","236","3855","3614","241","3979","3685","294","4031","3718","313","4583","4268","315","4632","4302","330","4824","4502","322","4953","4677","276","5.6","4873","4616","257","34291"
"30087","MT","Rosebud County, MT","9","12","9","12","3864","3648","216","3922","3718","204","4046","3790","256","4040","3768","272","4358","4054","304","4445","4121","324","4456","4151","305","4225","3953","272","6.4","4204","3963","241","50597"
"30089","MT","Sanders County, MT","8","7","8","7","4659","4413","246","4683","4374","309","4687","4198","489","4536","3830","706","5000","4345","655","4867","4212","655","4800","4243","557","4768","4267","501","10.5","4694","4252","442","34847"
"30091","MT","Sheridan County, MT","9","12","9","12","1714","1662","52","1731","1684","47","1842","1783","59","1787","1710","77","1819","1752","67","1886","1818","68","2059","1998","61","2184","2123","61","2.8","2119","2062","57","50292"
"30093","MT","Silver Bow County, MT","5","8","5","8","17291","16641","650","17398","16765","633","17834","16969","865","17242","16157","1085","16952","15846","1106","16961","15840","1121","17210","16166","1044","17274","16331","943","5.5","17134","16280","854","40691"
"30095","MT","Stillwater County, MT","8","7","8","7","4435","4309","126","4508","4366","142","4614","4409","205","4473","4197","276","4762","4484","278","4826","4573","253","4954","4731","223","5094","4888","206","4","5058","4866","192","58109"
"30097","MT","Sweet Grass County, MT","9","12","9","12","2816","2767","49","2920","2866","54","2877","2799","78","2422","2310","112","1738","1643","95","1704","1624","80","1747","1679","68","1779","1713","66","3.7","1805","1741","64","43146"
"30099","MT","Teton County, MT","8","7","8","7","3024","2929","95","3063","2968","95","3112","2980","132","3024","2874","150","3030","2849","181","2942","2774","168","2941","2797","144","2970","2842","128","4.3","2922","2812","110","43828"
"30101","MT","Toole County, MT","7","11","7","11","2479","2410","69","2454","2392","62","2601","2515","86","2523","2414","109","2448","2336","112","2387","2276","111","2500","2394","106","2401","2308","93","3.9","2375","2303","72","44252"
"30103","MT","Treasure County, MT","8","7","8","7","396","383","13","405","392","13","406","389","17","401","380","21","398","377","21","378","357","21","379","360","19","357","341","16","4.5","353","338","15","48282"
"30105","MT","Valley County, MT","7","11","7","11","3577","3459","118","3637","3511","126","3656","3498","158","3588","3400","188","3910","3719","191","3938","3752","186","4024","3856","168","4269","4107","162","3.8","4390","4255","135","45747"
"30107","MT","Wheatland County, MT","9","12","9","12","1009","979","30","1038","1003","35","1098","1053","45","1044","984","60","861","793","68","836","770","66","837","785","52","829","778","51","6.2","796","756","40","32519"
"30109","MT","Wibaux County, MT","9","12","9","12","497","483","14","515","501","14","533","514","19","574","547","27","526","504","22","523","501","22","558","540","18","558","539","19","3.4","553","536","17","43722"
"30111","MT","Yellowstone County, MT","3","2","3","2","79565","77278","2287","81465","79262","2203","82535","79407","3128","81872","77821","4051","76415","71920","4495","77177","72945","4232","78688","75049","3639","79728","76267","3461","4.3","80039","77041","2998","52079"
"31000","NE","Nebraska",,,,,"970052","939874","30178","978763","949494","29269","989757","956759","32998","991583","945648","45935","993398","947360","46038","1003437","959345","44092","1016459","975974","40485","1022062","983491","38571","3.8","1022152","988249","33903","51502"
"31001","NE","Adams County, NE","5","8","4","5","16764","16274","490","17374","16903","471","17708","17164","544","17593","16704","889","16494","15713","781","16490","15782","708","16911","16267","644","17019","16405","614","3.6","16915","16346","569","52267"
"31003","NE","Antelope County, NE","9","10","9","10","3759","3652","107","3631","3528","103","3649","3540","109","3738","3599","139","3526","3400","126","3598","3468","130","3585","3469","116","3633","3516","117","3.2","3629","3530","99","48814"
"31005","NE","Arthur County, NE","9","10","9","10","254","245","9","238","229","9","242","233","9","242","228","14","226","208","18","231","217","14","231","216","15","223","205","18","8.1","218","206","12","39874"
"31007","NE","Banner County, NE","9","8","9","8","418","408","10","403","395","8","401","391","10","352","340","12","413","395","18","433","413","20","439","419","20","438","419","19","4.3","421","405","16","46769"
"31009","NE","Blaine County, NE","9","12","9","10","270","262","8","238","229","9","244","232","12","261","247","14","258","245","13","280","265","15","284","269","15","273","259","14","5.1","266","254","12","38323"
"31011","NE","Boone County, NE","9","10","9","10","3164","3083","81","3169","3092","77","3255","3170","85","3342","3228","114","2959","2855","104","3042","2931","111","3047","2953","94","3069","2970","99","3.2","3054","2974","80","50156"
"31013","NE","Box Butte County, NE","7","11","7","11","5527","5358","169","5613","5433","180","5630","5420","210","5641","5269","372","5852","5561","291","5982","5730","252","5985","5746","239","6008","5778","230","3.8","5861","5681","180","54120"
"31015","NE","Boyd County, NE","9","12","9","12","1118","1082","36","1075","1043","32","1110","1074","36","1132","1088","44","1107","1064","43","1149","1105","44","1149","1104","45","1134","1094","40","3.5","1113","1076","37","39838"
"31017","NE","Brown County, NE","9","12","9","12","1903","1848","55","1813","1765","48","1847","1798","49","1839","1782","57","1461","1393","68","1465","1398","67","1455","1396","59","1442","1386","56","3.9","1435","1386","49","39861"
"31019","NE","Buffalo County, NE","5","8","4","5","27455","26831","624","28042","27414","628","27875","27178","697","27704","26703","1001","26386","25429","957","26870","25930","940","27347","26447","900","27528","26649","879","3.2","27662","26905","757","52333"
"31021","NE","Burt County, NE","8","7","8","7","3894","3734","160","3910","3754","156","3963","3797","166","3998","3776","222","3641","3425","216","3638","3430","208","3684","3510","174","3680","3505","175","4.8","3635","3477","158","47749"
"31023","NE","Butler County, NE","6","6","6","6","4730","4601","129","4831","4709","122","4911","4769","142","4750","4551","199","4651","4469","182","4746","4567","179","4751","4593","158","4806","4646","160","3.3","4854","4710","144","46211"
"31025","NE","Cass County, NE","2","2","2","2","13988","13516","472","13876","13417","459","13990","13471","519","13741","13025","716","13404","12649","755","13383","12683","700","13332","12714","618","13374","12789","585","4.4","13416","12909","507","63738"
"31027","NE","Cedar County, NE","9","10","9","10","4908","4794","114","4776","4660","116","4829","4707","122","4844","4668","176","4627","4462","165","4711","4556","155","4748","4610","138","4750","4610","140","2.9","4719","4605","114","56300"
"31029","NE","Chase County, NE","9","12","9","12","2099","2048","51","1996","1947","49","1991","1938","53","2082","2022","60","2293","2229","64","2347","2290","57","2376","2320","56","2415","2358","57","2.4","2368","2320","48","52924"
"31031","NE","Cherry County, NE","7","11","7","11","3620","3539","81","3389","3313","76","3403","3323","80","3490","3399","91","3385","3285","100","3454","3349","105","3488","3388","100","3505","3407","98","2.8","3456","3370","86","43229"
"31033","NE","Cheyenne County, NE","7","11","7","11","5204","5080","124","5242","5116","126","5238","5090","148","5175","4945","230","5558","5356","202","5685","5513","172","5797","5637","160","5838","5676","162","2.8","5825","5700","125","53430"
"31035","NE","Clay County, NE","9","8","8","7","3095","3001","94","3111","3025","86","3119","3019","100","3033","2901","132","3433","3286","147","3484","3340","144","3491","3362","129","3515","3396","119","3.4","3502","3386","116","50587"
"31037","NE","Colfax County, NE","7","9","7","9","5699","5566","133","5646","5522","124","5628","5480","148","5783","5568","215","5659","5436","223","5685","5465","220","5673","5472","201","5642","5447","195","3.5","5665","5498","167","51103"
"31039","NE","Cuming County, NE","7","9","7","9","5059","4904","155","4995","4860","135","4938","4794","144","4991","4801","190","4863","4685","178","4924","4757","167","4922","4770","152","4982","4828","154","3.1","4977","4843","134","50252"
"31041","NE","Custer County, NE","7","9","7","9","6131","5984","147","6005","5877","128","6060","5914","146","6196","5991","205","5986","5766","220","6049","5843","206","6118","5943","175","6183","6013","170","2.7","6195","6044","151","44608"
"31043","NE","Dakota County, NE","3","2","3","2","10609","10179","430","10928","10490","438","11003","10545","458","11152","10478","674","11299","10470","829","11017","10369","648","11218","10567","651","11422","10727","695","6.1","11448","10840","608","45631"
"31045","NE","Dawes County, NE","7","11","7","11","4661","4528","133","4802","4671","131","4826","4685","141","4769","4559","210","5499","5281","218","5475","5263","212","5424","5227","197","5451","5253","198","3.6","5336","5170","166","39507"
"31047","NE","Dawson County, NE","7","8","7","8","12401","12005","396","12349","11973","376","12461","11960","501","12630","12046","584","13210","12559","651","13191","12534","657","13299","12719","580","13319","12815","504","3.8","13372","12905","467","44976"
"31049","NE","Deuel County, NE","9","12","9","12","1069","1040","29","1050","1020","30","1054","1023","31","1070","1028","42","1031","991","40","1069","1032","37","1194","1155","39","1138","1100","38","3.3","1093","1063","30","48523"
"31051","NE","Dixon County, NE","3","2","3","2","3134","3036","98","3313","3209","104","3382","3274","108","3332","3176","156","3115","2966","149","3161","3018","143","3146","3016","130","3139","3017","122","3.9","3147","3041","106","47637"
"31053","NE","Dodge County, NE","4","5","4","5","19648","18963","685","19826","19194","632","20006","19306","700","19884","18882","1002","18851","17855","996","19134","18196","938","19300","18429","871","19320","18516","804","4.2","19362","18657","705","48671"
"31055","NE","Douglas County, NE","2","2","2","2","265341","256013","9328","269973","260826","9147","274208","264071","10137","274796","260623","14173","279280","264986","14294","282090","268317","13773","286086","273346","12740","287630","275685","11945","4.2","289144","278557","10587","51959"
"31057","NE","Dundy County, NE","9","12","9","12","1034","1001","33","1016","990","26","1035","1005","30","1066","1024","42","1216","1178","38","1275","1238","37","1283","1246","37","1309","1273","36","2.8","1318","1288","30","47098"
"31059","NE","Fillmore County, NE","9","12","8","7","3303","3214","89","3173","3093","80","3180","3086","94","3198","3068","130","3240","3119","121","3325","3210","115","3325","3217","108","3317","3219","98","3","3291","3212","79","52606"
"31061","NE","Franklin County, NE","9","10","9","10","1852","1794","58","1797","1747","50","1777","1723","54","1787","1718","69","1634","1563","71","1671","1601","70","1647","1587","60","1605","1549","56","3.5","1584","1533","51","44871"
"31063","NE","Frontier County, NE","9","10","9","10","1768","1729","39","1660","1622","38","1628","1583","45","1655","1603","52","1596","1536","60","1603","1546","57","1615","1563","52","1603","1549","54","3.4","1561","1518","43","48258"
"31065","NE","Furnas County, NE","9","12","9","12","2476","2402","74","2469","2395","74","2517","2443","74","2562","2468","94","2661","2571","90","2712","2614","98","2692","2597","95","2740","2645","95","3.5","2730","2652","78","41446"
"31067","NE","Gage County, NE","6","5","6","5","12666","12191","475","12510","12062","448","12233","11660","573","12015","11265","750","11408","10752","656","11192","10547","645","11195","10641","554","11170","10655","515","4.6","11150","10681","469","45212"
"31069","NE","Garden County, NE","9","12","9","12","1015","985","30","936","911","25","948","920","28","962","921","41","1266","1214","52","1260","1215","45","1264","1223","41","1240","1206","34","2.7","1190","1155","35","38837"
"31071","NE","Garfield County, NE","9","12","9","12","1050","1023","27","1037","1011","26","1054","1027","27","1086","1054","32","1202","1165","37","1206","1165","41","1222","1185","37","1237","1198","39","3.2","1216","1184","32","40758"
"31073","NE","Gosper County, NE","9","8","9","8","1036","1006","30","1043","1010","33","1022","989","33","976","938","38","1147","1106","41","1131","1091","40","1146","1112","34","1170","1130","40","3.4","1145","1111","34","58357"
"31075","NE","Grant County, NE","9","12","9","12","411","402","9","385","375","10","373","362","11","368","355","13","421","405","16","455","440","15","440","425","15","422","408","14","3.3","416","405","11","44778"
"31077","NE","Greeley County, NE","9","10","8","7","1339","1299","40","1278","1244","34","1303","1265","38","1331","1284","47","1360","1311","49","1361","1309","52","1301","1254","47","1305","1260","45","3.4","1290","1249","41","42743"
"31079","NE","Hall County, NE","5","8","3","2","30397","29451","946","30960","30101","859","31742","30752","990","32175","30812","1363","31519","30054","1465","32019","30590","1429","32705","31407","1298","32686","31490","1196","3.7","32722","31466","1256","49750"
"31081","NE","Hamilton County, NE","7","9","3","2","5421","5299","122","5640","5515","125","5883","5740","143","5532","5352","180","4806","4625","181","4833","4651","182","4851","4690","161","4868","4715","153","3.1","4852","4709","143","54663"
"31083","NE","Harlan County, NE","9","10","9","10","1790","1744","46","1812","1765","47","1842","1785","57","1873","1804","69","1893","1832","61","1894","1833","61","1880","1819","61","1870","1812","58","3.1","1832","1783","49","45806"
"31085","NE","Hayes County, NE","9","10","9","10","496","480","16","460","444","16","478","460","18","493","473","20","640","618","22","679","658","21","665","645","20","649","628","21","3.2","623","605","18","51101"
"31087","NE","Hitchcock County, NE","9","12","9","12","1484","1432","52","1442","1403","39","1472","1422","50","1491","1409","82","1400","1328","72","1377","1310","67","1361","1305","56","1368","1313","55","4","1351","1303","48","40217"
"31089","NE","Holt County, NE","7","11","7","11","6157","5989","168","6038","5883","155","6138","5973","165","6240","6046","194","5832","5621","211","5942","5738","204","5980","5790","190","6034","5847","187","3.1","5995","5834","161","44518"
"31091","NE","Hooker County, NE","9","12","9","12","500","486","14","465","452","13","415","397","18","412","391","21","410","389","21","447","426","21","439","419","20","437","416","21","4.8","432","414","18","39377"
"31093","NE","Howard County, NE","9","8","3","2","3707","3601","106","3708","3606","102","3739","3624","115","3615","3482","133","3346","3198","148","3396","3258","138","3429","3305","124","3435","3311","124","3.6","3434","3309","125","49496"
"31095","NE","Jefferson County, NE","7","9","7","9","4375","4233","142","4576","4451","125","4321","4154","167","4300","4093","207","4251","4050","201","4376","4187","189","4328","4165","163","4366","4201","165","3.8","4351","4217","134","46252"
"31097","NE","Johnson County, NE","8","7","8","7","3214","3115","99","2874","2790","84","2938","2845","93","3032","2905","127","2343","2234","109","2216","2109","107","2196","2101","95","2195","2099","96","4.4","2184","2099","85","46456"
"31099","NE","Kearney County, NE","7","8","7","8","3875","3785","90","3808","3724","84","3693","3592","101","3626","3485","141","3796","3663","133","3906","3780","126","3940","3827","113","3920","3809","111","2.8","3872","3777","95","57823"
"31101","NE","Keith County, NE","7","9","7","9","4740","4617","123","4662","4544","118","4550","4420","130","4470","4269","201","4585","4390","195","4656","4466","190","4672","4499","173","4729","4560","169","3.6","4708","4572","136","42851"
"31103","NE","Keya Paha County, NE","9","12","9","12","427","414","13","379","365","14","375","357","18","398","379","19","568","548","20","602","584","18","608","589","19","613","593","20","3.3","617","600","17","41491"
"31105","NE","Kimball County, NE","6","6","8","7","2020","1965","55","1974","1919","55","1940","1875","65","1923","1831","92","2124","2024","100","2182","2103","79","2226","2153","73","2208","2134","74","3.4","2251","2192","59","45023"
"31107","NE","Knox County, NE","9","10","9","10","4804","4658","146","4712","4573","139","4667","4519","148","4859","4686","173","4751","4554","197","4764","4579","185","4797","4637","160","4826","4655","171","3.5","4791","4640","151","41066"
"31109","NE","Lancaster County, NE","2","2","2","2","155780","151362","4418","157366","152970","4396","159845","154953","4892","160713","153785","6928","162567","155716","6851","164186","157638","6548","167852","161812","6040","169477","163689","5788","3.4","170250","165264","4986","52275"
"31111","NE","Lincoln County, NE","5","8","5","8","21171","20575","596","21756","21182","574","21981","21332","649","21821","20949","872","19401","18524","877","19425","18576","849","19305","18547","758","19303","18585","718","3.7","18969","18354","615","52395"
"31113","NE","Logan County, NE","9","8","9","8","452","442","10","471","458","13","464","454","10","458","444","14","492","470","22","509","491","18","506","491","15","505","489","16","3.2","503","487","16","48688"
"31115","NE","Loup County, NE","9","12","9","12","354","341","13","333","319","14","339","326","13","336","319","17","368","347","21","379","361","18","393","378","15","379","362","17","4.5","378","364","14","41192"
"31117","NE","McPherson County, NE","9","8","9","8","287","281","6","300","294","6","310","303","7","292","281","11","353","343","10","366","357","9","361","348","13","373","359","14","3.8","378","367","11","40834"
"31119","NE","Madison County, NE","5","8","5","8","19289","18569","720","18819","18225","594","18856","18229","627","18935","18113","822","18950","18151","799","19094","18319","775","19238","18530","708","19420","18749","671","3.5","19454","18878","576","45738"
"31121","NE","Merrick County, NE","7","8","3","2","4262","4109","153","4174","4054","120","4222","4091","131","4178","4004","174","4199","4010","189","4174","3997","177","4238","4083","155","4223","4068","155","3.7","4222","4065","157","50317"
"31123","NE","Morrill County, NE","9","10","9","10","2797","2724","73","2778","2705","73","2882","2792","90","2863","2742","121","2650","2542","108","2658","2569","89","2707","2621","86","2764","2676","88","3.2","2707","2626","81","47296"
"31125","NE","Nance County, NE","9","10","8","7","2010","1952","58","2020","1970","50","2056","1995","61","2150","2079","71","1980","1903","77","2064","1988","76","2102","2032","70","2085","2019","66","3.2","2090","2033","57","45091"
"31127","NE","Nemaha County, NE","7","11","7","11","3551","3407","144","3505","3371","134","3414","3256","158","3433","3253","180","3851","3646","205","3962","3765","197","3892","3704","188","3840","3646","194","5.1","3764","3613","151","48892"
"31129","NE","Nuckolls County, NE","9","10","9","12","2338","2274","64","2240","2181","59","2254","2188","66","2313","2208","105","2441","2341","100","2497","2407","90","2481","2395","86","2470","2388","82","3.3","2440","2370","70","44139"
"31131","NE","Otoe County, NE","6","6","6","6","8728","8444","284","8949","8681","268","9071","8752","319","8951","8506","445","8476","8048","428","8557","8124","433","8524","8141","383","8472","8107","365","4.3","8349","8031","318","52565"
"31133","NE","Pawnee County, NE","9","10","9","10","1622","1572","50","1587","1540","47","1566","1513","53","1546","1489","57","1586","1523","63","1654","1592","62","1643","1589","54","1693","1638","55","3.2","1669","1622","47","38735"
"31135","NE","Perkins County, NE","9","10","9","10","1582","1547","35","1577","1539","38","1677","1636","41","1705","1654","51","1769","1710","59","1803","1751","52","1832","1783","49","1829","1783","46","2.5","1861","1821","40","53893"
"31137","NE","Phelps County, NE","7","9","7","9","5175","5057","118","5101","4985","116","5152","5027","125","5212","5027","185","4958","4781","177","5014","4831","183","5056","4905","151","5111","4960","151","3","5087","4952","135","53607"
"31139","NE","Pierce County, NE","9","8","9","8","4047","3928","119","3954","3836","118","3940","3822","118","3873","3720","153","4175","4022","153","4212","4064","148","4203","4063","140","4236","4097","139","3.3","4258","4137","121","50807"
"31141","NE","Platte County, NE","5","8","5","8","17596","17103","493","18401","17953","448","18398","17854","544","18361","17611","750","17655","16910","745","17829","17088","741","18072","17414","658","17808","17198","610","3.4","17440","16921","519","52368"
"31143","NE","Polk County, NE","9","10","9","10","3045","2961","84","2967","2884","83","3034","2948","86","3048","2934","114","2958","2839","119","3000","2898","102","2998","2906","92","3011","2909","102","3.4","2990","2895","95","56618"
"31145","NE","Red Willow County, NE","7","11","7","11","5949","5788","161","5921","5772","149","6020","5846","174","6099","5825","274","6216","5989","227","6289","6071","218","6366","6160","206","6460","6271","189","2.9","6347","6182","165","44826"
"31147","NE","Richardson County, NE","7","11","7","11","4361","4182","179","4272","4097","175","4218","4032","186","4219","3964","255","4328","4058","270","4405","4140","265","4415","4188","227","4405","4185","220","5","4366","4187","179","41679"
"31149","NE","Rock County, NE","9","12","9","12","950","928","22","877","854","23","848","824","24","878","852","26","891","866","25","899","875","24","881","859","22","889","862","27","3","883","860","23","40870"
"31151","NE","Saline County, NE","6","6","6","6","8176","7952","224","8315","8094","221","8402","8115","287","8342","7961","381","7287","6946","341","7345","7000","345","7375","7055","320","7428","7110","318","4.3","7303","7046","257","49047"
"31153","NE","Sarpy County, NE","2","2","2","2","74097","71915","2182","76803","74562","2241","79249","76687","2562","79677","75978","3699","84923","81145","3778","86367","82717","3650","88203","84807","3396","89622","86384","3238","3.6","90144","87314","2830","67740"
"31155","NE","Saunders County, NE","2","2","2","2","10958","10622","336","10958","10619","339","10969","10574","395","10825","10281","544","11179","10643","536","11204","10691","513","11208","10734","474","11215","10766","449","4","11234","10845","389","61174"
"31157","NE","Scotts Bluff County, NE","5","8","5","8","19026","18389","637","19485","18909","576","19525","18802","723","19690","18677","1013","19200","18144","1056","19211","18250","961","19264","18363","901","19232","18422","810","4.2","18792","18092","700","43406"
"31159","NE","Seward County, NE","2","2","2","2","9234","8983","251","8893","8650","243","9068","8774","294","8840","8478","362","8765","8414","351","8768","8432","336","8969","8655","314","9051","8722","329","3.6","9053","8782","271","59053"
"31161","NE","Sheridan County, NE","9","12","9","12","3238","3152","86","3108","3025","83","3061","2977","84","3116","2994","122","2821","2721","100","2832","2731","101","2811","2711","100","2818","2719","99","3.5","2800","2715","85","38411"
"31163","NE","Sherman County, NE","9","10","8","7","1878","1825","53","1909","1858","51","1935","1882","53","2007","1943","64","1730","1660","70","1759","1683","76","1754","1688","66","1745","1688","57","3.3","1747","1689","58","41224"
"31165","NE","Sioux County, NE","9","10","9","8","746","725","21","707","687","20","716","692","24","735","710","25","835","804","31","844","815","29","843","813","30","810","782","28","3.5","800","778","22","48313"
"31167","NE","Stanton County, NE","9","8","9","8","3605","3494","111","3554","3449","105","3513","3416","97","3490","3346","144","3584","3438","146","3629","3494","135","3680","3552","128","3704","3583","121","3.3","3590","3489","101","54263"
"31169","NE","Thayer County, NE","9","12","9","12","2899","2825","74","2863","2787","76","2819","2728","91","2799","2680","119","2803","2697","106","2926","2831","95","3012","2920","92","3074","2984","90","2.9","3051","2971","80","43938"
"31171","NE","Thomas County, NE","9","10","9","10","393","380","13","378","364","14","373","358","15","359","343","16","396","377","19","426","404","22","429","412","17","456","439","17","3.7","428","413","15","43247"
"31173","NE","Thurston County, NE","8","7","8","7","3006","2800","206","2988","2793","195","2995","2793","202","3160","2828","332","3054","2762","292","3122","2805","317","3148","2876","272","3123","2877","246","7.9","3063","2859","204","38558"
"31175","NE","Valley County, NE","9","12","9","12","2564","2500","64","2572","2511","61","2577","2505","72","2572","2487","85","2143","2048","95","2149","2063","86","2156","2081","75","2150","2080","70","3.3","2133","2070","63","44105"
"31177","NE","Washington County, NE","2","2","2","2","11233","10911","322","11268","10948","320","11256","10903","353","11045","10537","508","11232","10716","516","11243","10755","488","11246","10823","423","11179","10770","409","3.7","11240","10878","362","66160"
"31179","NE","Wayne County, NE","6","6","6","6","5451","5312","139","5304","5169","135","5201","5051","150","5190","4987","203","5671","5456","215","5609","5416","193","5736","5552","184","5709","5529","180","3.2","5616","5457","159","49981"
"31181","NE","Webster County, NE","9","10","9","10","1990","1939","51","1803","1744","59","1790","1730","60","1813","1743","70","1705","1623","82","1736","1656","80","1750","1686","64","1753","1686","67","3.8","1750","1690","60","42305"
"31183","NE","Wheeler County, NE","9","12","9","12","452","441","11","417","405","12","486","475","11","462","445","17","515","495","20","524","507","17","522","505","17","527","510","17","3.2","523","508","15","37495"
"31185","NE","York County, NE","7","11","6","6","8489","8281","208","7648","7440","208","7050","6789","261","7078","6733","345","7411","7067","344","7517","7191","326","7611","7331","280","7531","7263","268","3.6","7498","7262","236","56687"
"32000","NV","Nevada",,,,,"1285318","1233287","52031","1330396","1270572","59824","1363574","1272187","91387","1349299","1196758","152541","1358578","1174774","183804","1373663","1194061","179602","1378361","1224415","153946","1384463","1252326","132137","9.5","1394599","1286474","108125","51250"
"32001","NV","Churchill County, NV","6","5","6","5","12789","12255","534","13152","12585","567","13493","12687","806","13505","12340","1165","11199","9814","1385","11321","9914","1407","11096","9882","1214","11235","10221","1014","9","10761","9961","800","50158"
"32003","NV","Clark County, NV","1","1","1","1","917900","881109","36791","951064","908308","42756","980238","915147","65091","967672","856495","111177","984004","848573","135431","995532","863350","132182","1000923","888208","112715","1006724","909999","96725","9.6","1019653","940006","79647","51071"
"32005","NV","Douglas County, NV","4","5","4","3","22270","21256","1014","22599","21503","1096","22620","20948","1672","22325","19748","2577","23087","19910","3177","23188","20106","3082","22797","20183","2614","22795","20619","2176","9.5","22323","20565","1758","56613"
"32007","NV","Elko County, NV","5","8","5","8","24686","23840","846","26420","25555","865","26742","25605","1137","27396","25679","1717","26898","24828","2070","28177","26132","2045","29245","27393","1852","28942","27167","1775","6.1","28175","26631","1544","71354"
"32009","NV","Esmeralda County, NV","9","10","9","10","468","449","19","473","458","15","486","462","24","489","455","34","414","376","38","416","383","33","474","443","31","545","519","26","4.8","534","510","24","41075"
"32011","NV","Eureka County, NV","9","8","9","8","710","684","26","809","775","34","854","810","44","895","836","59","1029","949","80","1071","997","74","1106","1038","68","1096","1030","66","6","1071","1008","63","66592"
"32013","NV","Humboldt County, NV","7","11","7","8","8074","7782","292","7959","7675","284","8156","7754","402","8583","7957","626","8346","7622","724","8735","8053","682","9106","8506","600","9385","8808","577","6.1","8969","8419","550","66290"
"32015","NV","Lander County, NV","7","9","7","9","2771","2664","107","3386","3277","109","3646","3487","159","4008","3775","233","3070","2777","293","3215","2935","280","3435","3186","249","3557","3304","253","7.1","3360","3143","217","69658"
"32017","NV","Lincoln County, NV","8","4","8","4","1610","1537","73","1722","1650","72","1834","1732","102","1677","1528","149","2018","1805","213","2071","1838","233","2102","1880","222","2052","1858","194","9.5","1944","1793","151","44366"
"32019","NV","Lyon County, NV","6","6","4","5","21234","19971","1263","22279","20853","1426","22626","20412","2214","22900","19364","3536","22998","18976","4022","23026","19162","3864","22528","19197","3331","22848","20011","2837","12.4","22760","20458","2302","46526"
"32021","NV","Mineral County, NV","7","9","7","11","2056","1918","138","2236","2097","139","2393","2214","179","2351","2148","203","2334","1999","335","2230","1917","313","1912","1653","259","1820","1591","229","12.6","1671","1485","186","40496"
"32023","NV","Nye County, NV","6","3","4","3","17175","16228","947","17812","16655","1157","17622","15907","1715","17784","15320","2464","16686","13797","2889","16835","13994","2841","16659","14247","2412","16560","14586","1974","11.9","16320","14770","1550","42998"
"32027","NV","Pershing County, NV","8","7","9","10","2442","2322","120","2492","2368","124","2520","2344","176","2598","2345","253","2396","2142","254","2472","2203","269","2613","2358","255","2694","2458","236","8.8","2591","2402","189","51548"
"32029","NV","Storey County, NV","2","2","2","2","2349","2251","98","2396","2278","118","2462","2292","170","2469","2178","291","2013","1676","337","1976","1664","312","1919","1664","255","1897","1679","218","11.5","1890","1720","170","59785"
"32031","NV","Washoe County, NV","2","2","2","2","216723","208382","8341","222441","212915","9526","224365","209131","15234","220834","196311","24523","220825","192289","28536","221774","193754","28020","221478","197043","24435","221911","201061","20850","9.4","222613","206059","16554","53565"
"32033","NV","White Pine County, NV","7","9","7","11","4473","4309","164","4749","4576","173","4793","4568","225","4954","4610","344","4563","4142","421","5101","4656","445","5021","4634","387","4952","4598","354","7.1","4897","4604","293","52588"
"32510","NV","Carson City, NV","3","2","3","2","27589","26331","1258","28410","27047","1363","28725","26688","2037","28861","25671","3190","26700","23100","3600","26524","23004","3520","25949","22902","3047","25450","22818","2632","10.3","25068","22940","2128","47476"
"33000","NH","New Hampshire",,,,,"731854","706777","25077","737942","712008","25934","742781","714104","28677","744227","697802","46425","738257","695135","43122","736077","696326","39751","740323","699589","40734","742017","704294","37723","5.1","741178","709219","31959","64064"
"33001","NH","Belknap County, NH","4","3","4","3","32515","31439","1076","32409","31253","1156","32647","31312","1335","32539","30370","2169","32289","30217","2072","32046","30285","1761","32027","30291","1736","32013","30423","1590","5","31788","30474","1314","57568"
"33003","NH","Carroll County, NH","8","4","6","4","25329","24507","822","25496","24620","876","25911","24980","931","25862","24415","1447","24946","23534","1412","24769","23411","1358","24664","23352","1312","24469","23253","1216","5","24319","23285","1034","50598"
"33005","NH","Cheshire County, NH","4","5","4","5","42483","41112","1371","42088","40597","1491","42151","40610","1541","42039","39631","2408","42678","40285","2393","42585","40416","2169","42594","40421","2173","42004","40014","1990","4.7","41642","39929","1713","52246"
"33007","NH","Coos County, NH","7","8","7","8","16820","16122","698","16698","15928","770","16507","15653","854","16387","15086","1301","16550","15361","1189","16347","15164","1183","16093","14883","1210","15956","14963","993","6.2","15490","14588","902","40917"
"33009","NH","Grafton County, NH","5","8","5","8","47854","46483","1371","48284","46858","1426","48793","47257","1536","48888","46380","2508","48376","45997","2379","48717","46512","2205","48673","46485","2188","48412","46342","2070","4.3","48088","46361","1727","55131"
"33011","NH","Hillsborough County, NH","2","2","2","2","226541","218494","8047","228214","220129","8085","228996","220158","8838","229684","214833","14851","226366","212449","13917","225272","212576","12696","226994","213918","13076","228396","216226","12170","5.3","228666","218345","10321","67162"
"33013","NH","Merrimack County, NH","4","5","4","3","79556","77069","2487","80318","77657","2661","81100","78144","2956","81726","77115","4611","81378","77067","4311","81054","77104","3950","81079","77089","3990","80963","77260","3703","4.6","81156","78065","3091","64068"
"33015","NH","Rockingham County, NH","1","1","1","1","171538","165095","6443","173675","167110","6565","174270","166876","7394","174577","163078","11499","172178","161885","10293","171897","162221","9676","174348","164168","10180","175646","166063","9583","5.5","175766","167572","8194","74785"
"33017","NH","Strafford County, NH","1","1","1","1","66852","64741","2111","68206","65980","2226","69672","67148","2524","69746","65425","4321","69490","65544","3946","69464","65788","3676","69820","66040","3780","70034","66627","3407","4.9","70253","67442","2811","59290"
"33019","NH","Sullivan County, NH","7","9","7","8","22371","21717","654","22548","21875","673","22749","21977","772","22798","21487","1311","24004","22793","1211","23931","22850","1081","24028","22940","1088","24126","23123","1003","4.2","24011","23159","852","52114"
"34000","NJ","New Jersey",,,,,"4445879","4236485","209394","4441797","4251815","189982","4504432","4263965","240467","4550645","4138570","412075","4555330","4121455","433875","4565727","4140464","425263","4588106","4162068","426038","4534402","4164444","369958","8.2","4518712","4218435","300277","70224"
"34001","NJ","Atlantic County, NJ","2","2","2","2","138555","130556","7999","135104","127177","7927","135738","126475","9263","137079","120781","16298","140597","123329","17268","139616","122184","17432","140704","122905","17799","137310","121444","15866","11.6","133130","119313","13817","51668"
"34003","NJ","Bergen County, NJ","1","1","1","1","471181","452733","18448","471472","455223","16249","478208","457226","20982","481104","443640","37464","478578","440132","38446","481449","444411","37038","484151","447068","37083","479476","447447","32029","6.7","479448","453688","25760","81615"
"34005","NJ","Burlington County, NJ","1","1","1","1","240366","230329","10037","237634","228511","9123","239461","227696","11765","241989","221585","20404","236850","215547","21303","235777","215277","20500","236207","215820","20387","233780","215959","17821","7.6","232025","217354","14671","76868"
"34007","NJ","Camden County, NJ","1","1","1","1","265339","251306","14033","262569","249877","12692","267190","251420","15770","271508","244631","26877","264506","235542","28964","262810","234420","28390","262479","234609","27870","258678","234822","23856","9.2","255560","236391","19169","57641"
"34009","NJ","Cape May County, NJ","3","2","3","2","57588","53574","4014","56472","52765","3707","56560","52091","4469","57950","51453","6497","50031","43005","7026","49350","42088","7262","49664","42080","7584","48961","42088","6873","14","48961","43068","5893","56520"
"34011","NJ","Cumberland County, NJ","3","2","3","2","69235","64368","4867","68174","63719","4455","69048","63611","5437","70842","61969","8873","72377","62946","9431","71578","62305","9273","71056","61734","9322","69154","61080","8074","11.7","67165","60536","6629","45850"
"34013","NJ","Essex County, NJ","1","1","1","1","362670","341287","21383","361575","342249","19326","365516","341987","23529","367513","329542","37971","382559","341115","41444","383477","342214","41263","384514","343448","41066","377878","341529","36349","9.6","375861","346237","29624","53358"
"34015","NJ","Gloucester County, NJ","1","1","1","1","152501","145254","7247","153893","147255","6638","156573","148257","8316","159879","145105","14774","152419","136771","15648","151892","136515","15377","152015","136772","15243","150614","137357","13257","8.8","148835","138254","10581","71137"
"34017","NJ","Hudson County, NJ","1","1","1","1","288996","272886","16110","290029","275553","14476","294030","275774","18256","300162","268583","31579","352642","318890","33752","357300","324530","32770","361039","328351","32688","358912","330025","28887","8","357862","334604","23258","55699"
"34019","NJ","Hunterdon County, NJ","1","1","1","1","72102","69670","2432","72048","69995","2053","72965","70260","2705","73220","68321","4899","68376","63327","5049","67847","63188","4659","67615","63019","4596","66253","62402","3851","5.8","66365","63213","3152","107203"
"34021","NJ","Mercer County, NJ","2","2","2","2","195577","187145","8432","196360","188835","7525","202109","192541","9568","205540","189945","15595","192620","176517","16103","193406","177458","15948","194274","178394","15880","193672","179973","13699","7.1","194539","183413","11126","70575"
"34023","NJ","Middlesex County, NJ","1","1","1","1","420036","401589","18447","420390","404171","16219","425519","404623","20896","427779","391374","36405","424338","386377","37961","427103","390004","37099","431418","394496","36922","430721","398721","32000","7.4","432112","406174","25938","76515"
"34025","NJ","Monmouth County, NJ","1","1","1","1","327654","314026","13628","331122","318729","12393","335057","319101","15956","336864","308808","28056","330314","301441","28873","330034","301884","28150","331466","302699","28767","327805","303388","24417","7.4","328655","309086","19569","83424"
"34027","NJ","Morris County, NJ","1","1","1","1","271011","261872","9139","271713","263489","8224","275403","264632","10771","275319","255852","19467","265171","245539","19632","265907","247240","18667","267692","248876","18816","263630","247523","16107","6.1","263878","250919","12959","99950"
"34029","NJ","Ocean County, NJ","1","1","1","1","255188","242397","12791","256510","244810","11700","261749","246504","15245","265145","239849","25296","264525","237379","27146","266155","238579","27576","268588","240243","28345","265966","241669","24297","9.1","265294","246246","19048","59888"
"34031","NJ","Passaic County, NJ","1","1","1","1","236210","222817","13393","236506","223853","12653","240502","224531","15971","245108","218128","26980","253190","224427","28763","253480","225657","27823","253694","225720","27974","249870","225177","24693","9.9","248437","228264","20173","57426"
"34033","NJ","Salem County, NJ","1","1","1","1","31536","29932","1604","31279","29729","1550","31586","29651","1935","31792","28417","3375","32099","28354","3745","32373","28617","3756","32120","28355","3765","31628","28372","3256","10.3","31435","28843","2592","58483"
"34035","NJ","Somerset County, NJ","1","1","1","1","179540","173281","6259","179245","173688","5557","181589","174322","7267","182709","169460","13249","173699","160521","13178","174622","161803","12819","176094","163106","12988","173782","162866","10916","6.3","173968","165075","8893","96947"
"34037","NJ","Sussex County, NJ","1","1","1","1","84041","80543","3498","84106","80801","3305","85205","81001","4204","85607","78265","7342","82352","74595","7757","81875","74346","7529","81319","74052","7267","78962","72764","6198","7.8","78651","73737","4914","85747"
"34039","NJ","Union County, NJ","1","1","1","1","267378","254202","13176","267086","255096","11990","271250","256002","15248","273986","248517","25469","279530","252913","26617","280990","254353","26637","283430","256814","26616","279832","256606","23226","8.3","279108","260112","18996","64272"
"34041","NJ","Warren County, NJ","2","2","2","2","59176","56718","2458","58513","56291","2222","59175","56261","2914","59551","54346","5205","58561","52790","5771","58689","53394","5295","58568","53507","5061","57519","53233","4286","7.5","57425","53908","3517","68011"
"35000","NM","New Mexico",,,,,"928094","889448","38646","934027","898998","35029","944548","902411","42137","940352","869491","70861","936088","860154","75934","929862","859603","70259","928050","861829","66221","922960","859270","63690","6.9","918206","858149","60057","44026"
"35001","NM","Bernalillo County, NM","2","2","2","2","310792","298859","11933","312319","301166","11153","313468","299763","13705","310124","286763","23361","327169","301830","25339","324049","300468","23581","321840","299716","22124","319859","299084","20775","6.5","318070","298629","19441","48053"
"35003","NM","Catron County, NM","9","12","9","10","1449","1371","78","1505","1432","73","1536","1454","82","1578","1433","145","1345","1189","156","1351","1213","138","1388","1269","119","1344","1236","108","8","1344","1248","96","32644"
"35005","NM","Chaves County, NM","5","8","5","8","26640","25468","1172","26808","25763","1045","26833","25669","1164","27308","25402","1906","27977","25861","2116","27492","25615","1877","26883","25126","1757","26689","25017","1672","6.3","26808","25195","1613","41388"
"35006","NM","Cibola County, NM","6","5","6","5","12093","11542","551","11968","11463","505","12357","11786","571","12336","11492","844","9201","8331","870","9134","8311","823","9203","8459","744","9047","8326","721","8","8972","8255","717","36307"
"35007","NM","Colfax County, NM","7","11","7","11","6535","6250","285","6560","6328","232","6623","6332","291","6606","6103","503","6551","6011","540","6483","5960","523","6268","5779","489","6302","5864","438","7","6280","5894","386","37152"
"35009","NM","Curry County, NM","5","8","5","8","20954","20234","720","20964","20368","596","21017","20352","665","21360","20395","965","21600","20441","1159","21533","20437","1096","21724","20652","1072","21420","20328","1092","5.1","21514","20450","1064","39186"
"35011","NM","De Baca County, NM","9","10","9","12","808","774","34","779","749","30","806","773","33","829","786","43","783","736","47","752","712","40","746","712","34","750","713","37","4.9","778","739","39","33045"
"35013","NM","Dona Ana County, NM","3","2","3","2","85792","81800","3992","86938","83322","3616","88893","84680","4213","90210","83592","6618","93753","86490","7263","93419","86342","7077","93938","87084","6854","93901","86901","7000","7.5","93212","86525","6687","36831"
"35015","NM","Eddy County, NM","5","8","5","8","25144","24252","892","26054","25280","774","27311","26480","831","28005","26361","1644","26100","24440","1660","26800","25439","1361","27170","25906","1264","28047","26776","1271","4.5","29017","27771","1246","49865"
"35017","NM","Grant County, NM","7","8","7","8","12231","11709","522","12230","11762","468","12374","11761","613","11840","10327","1513","12424","11231","1193","12776","11846","930","12903","12035","868","12628","11763","865","6.8","12312","11496","816","39220"
"35019","NM","Guadalupe County, NM","7","9","7","9","1866","1767","99","1791","1686","105","1727","1621","106","1782","1642","140","1693","1522","171","1705","1524","181","1681","1513","168","1673","1529","144","8.6","1646","1521","125","29924"
"35021","NM","Harding County, NM","9","10","9","12","364","349","15","389","378","11","398","386","12","387","368","19","320","302","18","310","291","19","307","289","18","299","284","15","5","325","311","14","37520"
"35023","NM","Hidalgo County, NM","7","9","9","9","2436","2349","87","2518","2442","76","2620","2507","113","2679","2459","220","2217","2028","189","2207","2038","169","2195","2030","165","2129","1969","160","7.5","2049","1904","145","32993"
"35025","NM","Lea County, NM","5","8","5","8","26605","25780","825","27686","26999","687","29278","28442","836","28329","26092","2237","26292","24211","2081","27159","25636","1523","28268","26930","1338","29227","27921","1306","4.5","30192","28904","1288","53556"
"35027","NM","Lincoln County, NM","7","9","7","9","10506","10097","409","10883","10547","336","11049","10657","392","10885","10249","636","9645","8931","714","9380","8756","624","9232","8641","591","9104","8531","573","6.3","9014","8486","528","40756"
"35028","NM","Los Alamos County, NM","6","5","6","5","11107","10839","268","10485","10257","228","9998","9698","300","9889","9567","322","9488","9140","348","9251","8921","330","9005","8654","351","8618","8255","363","4.2","8406","8064","342","110930"
"35029","NM","Luna County, NM","6","5","6","5","12323","10991","1332","12315","11067","1248","12332","10838","1494","12436","10255","2181","10844","8624","2220","10931","8691","2240","10878","8682","2196","10646","8601","2045","19.2","10623","8706","1917","28040"
"35031","NM","McKinley County, NM","4","5","5","8","26616","25136","1480","26725","25483","1242","26668","25192","1476","27078","24822","2256","25597","23074","2523","25069","22591","2478","25131","22754","2377","24429","22017","2412","9.9","23798","21458","2340","27790"
"35033","NM","Mora County, NM","8","7","9","10","2005","1830","175","2018","1859","159","2027","1852","175","2045","1783","262","2252","1963","289","2223","1939","284","2186","1939","247","2142","1889","253","11.8","2128","1891","237","29263"
"35035","NM","Otero County, NM","4","5","4","5","26045","24947","1098","25992","25003","989","25888","24753","1135","25939","24189","1750","25160","23357","1803","24975","23291","1684","25397","23767","1630","25526","23920","1606","6.3","24818","23305","1513","41960"
"35037","NM","Quay County, NM","7","9","7","11","3942","3760","182","3839","3665","174","3927","3734","193","3960","3691","269","3632","3296","336","3542","3211","331","3537","3264","273","3449","3212","237","6.9","3456","3242","214","30496"
"35039","NM","Rio Arriba County, NM","6","5","4","5","20700","19670","1030","20310","19345","965","20475","19358","1117","20196","18656","1540","18102","16446","1656","17314","15722","1592","16910","15380","1530","16590","15063","1527","9.2","16356","14995","1361","36716"
"35041","NM","Roosevelt County, NM","7","8","7","8","9334","9044","290","9512","9244","268","9474","9179","295","9312","8864","448","8394","7866","528","8312","7833","479","8345","7878","467","8350","7887","463","5.5","8094","7649","445","35322"
"35043","NM","Sandoval County, NM","2","2","2","2","52932","50664","2268","54017","51700","2317","55815","52902","2913","56336","51535","4801","60449","55369","5080","60327","55444","4883","60269","55550","4719","60325","55781","4544","7.5","59968","55711","4257","56190"
"35045","NM","San Juan County, NM","3","2","3","2","55362","52987","2375","55637","53758","1879","57112","54864","2248","56398","51952","4446","54987","49834","5153","55096","50772","4324","55323","51411","3912","54549","50866","3683","6.8","55116","51653","3463","44417"
"35047","NM","San Miguel County, NM","6","5","6","5","13382","12742","640","13342","12784","558","13314","12655","659","13294","12317","977","11481","10390","1091","11351","10289","1062","11386","10404","982","11358","10462","896","7.9","11214","10348","866","31222"
"35049","NM","Santa Fe County, NM","3","2","3","2","77340","74708","2632","78018","75672","2346","78172","75237","2935","76501","71479","5022","74006","68950","5056","73231","68632","4599","73313","69040","4273","72701","68629","4072","5.6","71510","67667","3843","51697"
"35051","NM","Sierra County, NM","6","6","6","6","5417","5178","239","5545","5349","196","5893","5654","239","5962","5618","344","3918","3551","367","3848","3470","378","3838","3468","370","3841","3486","355","9.2","3849","3511","338","29680"
"35053","NM","Socorro County, NM","6","6","6","6","9286","8944","342","9350","9050","300","9512","9174","338","9467","8969","498","6903","6363","540","6813","6293","520","6808","6339","469","6612","6130","482","7.3","6449","5987","462","32090"
"35055","NM","Taos County, NM","7","8","7","8","17618","16650","968","17745","16877","868","17647","16681","966","17592","16034","1558","15438","13793","1645","15302","13714","1588","14953","13408","1545","14958","13441","1517","10.1","14752","13322","1430","33021"
"35057","NM","Torrance County, NM","2","2","2","2","7584","7255","329","7086","6757","329","6916","6532","384","6905","6255","650","5689","5020","669","5600","4953","647","5397","4823","574","5220","4699","521","10","5185","4690","495","35046"
"35059","NM","Union County, NM","9","11","9","11","1899","1842","57","1874","1823","51","1949","1892","57","1926","1819","107","1718","1600","118","1685","1595","90","1648","1568","80","1680","1595","85","5.1","1672","1587","85","37902"
"35061","NM","Valencia County, NM","2","2","2","2","30991","29661","1330","30827","29620","1207","31141","29556","1585","30858","28223","2635","30960","27964","2996","30444","27654","2790","29985","27359","2626","29549","27096","2453","8.3","29284","27036","2248","41412"
"36000","NY","New York",,,,,"9508149","9077529","430620","9522056","9088207","433849","9664773","9139080","525693","9647485","8844486","802999","9595362","8769723","825639","9517788","8727961","789827","9615035","8796100","818935","9631802","8890997","740805","7.7","9569062","8964021","605041","57255"
"36001","NY","Albany County, NY","2","2","2","2","159472","153385","6087","158712","152567","6145","160552","152756","7796","158937","148183","10754","161503","150256","11247","158406","147425","10981","160666","149228","11438","160241","150487","9754","6.1","157291","149585","7706","55778"
"36003","NY","Allegany County, NY","7","9","7","9","23521","22306","1215","23405","22129","1276","24123","22578","1545","23898","21816","2082","24239","22021","2218","23674","21559","2115","23685","21692","1993","23706","21931","1775","7.5","23344","21899","1445","41849"
"36005","NY","Bronx County, NY","1","1","1","1","505378","471748","33630","512479","477487","34992","523746","484145","39601","533866","469624","64242","582289","512479","69810","584027","514108","69919","595812","521490","74322","602625","531890","70735","11.7","606630","547151","59479","33079"
"36007","NY","Broome County, NY","2","2","2","2","96998","92545","4453","96858","92549","4309","98160","92690","5470","97500","89553","7947","97839","89311","8528","94794","86635","8159","93988","85817","8171","91573","84459","7114","7.8","88320","82494","5826","45142"
"36009","NY","Cattaraugus County, NY","4","3","4","3","41925","39788","2137","41269","39164","2105","41766","39222","2544","41668","38079","3589","39652","35879","3773","38559","34965","3594","38279","34725","3554","37916","34719","3197","8.4","36768","34239","2529","40936"
"36011","NY","Cayuga County, NY","4","5","4","5","41499","39566","1933","41137","39312","1825","41802","39482","2320","41590","38157","3433","39883","36478","3405","39096","35922","3174","39103","35877","3226","38707","35857","2850","7.4","37714","35460","2254","48976"
"36013","NY","Chautauqua County, NY","4","3","4","3","67135","64126","3009","66781","63790","2991","67323","63591","3732","65934","60467","5467","63919","58259","5660","61703","56653","5050","61253","56043","5210","59973","55177","4796","8","57727","53802","3925","40468"
"36015","NY","Chemung County, NY","3","2","3","2","40851","38879","1972","40956","39080","1876","41459","39147","2312","41016","37364","3652","41625","38136","3489","40913","37704","3209","40661","37246","3415","39617","36492","3125","7.9","38420","36013","2407","45337"
"36017","NY","Chenango County, NY","6","6","6","6","24712","23514","1198","24405","23200","1205","24672","23104","1568","24407","22231","2176","23690","21508","2182","23845","21775","2070","24118","22039","2079","23999","22251","1748","7.3","23306","21872","1434","44328"
"36019","NY","Clinton County, NY","5","8","5","8","40064","37932","2132","39784","37556","2228","39988","37370","2618","39787","36084","3703","39699","35807","3892","38448","34752","3696","38020","34416","3604","37061","33956","3105","8.4","36049","33638","2411","45900"
"36021","NY","Columbia County, NY","6","5","6","3","32320","31135","1185","31765","30530","1235","31881","30342","1539","31432","29121","2311","32136","29788","2348","31482","29235","2247","31689","29445","2244","31734","29822","1912","6","31486","29999","1487","57094"
"36023","NY","Cortland County, NY","4","5","4","5","23774","22524","1250","23737","22508","1229","24168","22623","1545","24304","22088","2216","24474","22303","2171","24360","22298","2062","24471","22360","2111","24221","22346","1875","7.7","23764","22234","1530","46163"
"36025","NY","Delaware County, NY","6","6","6","6","23509","22509","1000","23129","22128","1001","22917","21549","1368","22265","20363","1902","22430","20464","1966","21735","19846","1889","21585","19698","1887","20971","19321","1650","7.9","20239","18927","1312","43380"
"36027","NY","Dutchess County, NY","2","2","1","1","147568","141973","5595","145515","139838","5677","146689","139178","7511","144842","133744","11098","149194","137677","11517","146415","135416","10999","146347","134958","11389","145001","135363","9638","6.6","142053","134483","7570","69300"
"36029","NY","Erie County, NY","1","1","1","1","471116","448117","22999","465331","443492","21839","473549","446521","27028","470654","432512","38142","465654","426941","38713","459092","422396","36696","461626","423310","38316","458456","424524","33932","7.4","448222","420943","27279","51123"
"36031","NY","Essex County, NY","6","6","6","6","18738","17703","1035","18557","17506","1051","18617","17375","1242","18343","16672","1671","18736","17021","1715","18218","16557","1661","18174","16434","1740","18053","16551","1502","8.3","17593","16381","1212","46337"
"36033","NY","Franklin County, NY","5","8","7","8","22657","21424","1233","22634","21379","1255","23056","21464","1592","23032","21074","1958","22244","20248","1996","21741","19757","1984","21790","19707","2083","21460","19566","1894","8.8","20618","19116","1502","42672"
"36035","NY","Fulton County, NY","4","5","4","5","27426","25995","1431","27345","25875","1470","27664","25807","1857","27246","24629","2617","26103","23335","2768","25559","22868","2691","25370","22590","2780","24636","22309","2327","9.4","23463","21670","1793","42264"
"36037","NY","Genesee County, NY","4","3","4","3","33119","31613","1506","32868","31375","1493","33542","31658","1884","33101","30576","2525","31728","29187","2541","30937","28535","2402","30875","28437","2438","30411","28340","2071","6.8","30085","28424","1661","42641"
"36039","NY","Greene County, NY","6","6","6","6","24099","22967","1132","24124","22978","1146","24370","22938","1432","24079","22076","2003","22100","20096","2004","21581","19565","2016","21517","19402","2115","21243","19410","1833","8.6","20823","19428","1395","50190"
"36041","NY","Hamilton County, NY","8","7","8","7","3119","2964","155","3208","3057","151","3079","2887","192","3016","2790","226","2502","2256","246","2441","2202","239","2445","2187","258","2416","2189","227","9.4","2443","2265","178","45737"
"36043","NY","Herkimer County, NY","2","2","2","2","31400","29856","1544","30974","29456","1518","31311","29399","1912","31173","28694","2479","31551","28840","2711","30745","28066","2679","30529","27855","2674","29896","27552","2344","7.8","29085","27121","1964","42460"
"36045","NY","Jefferson County, NY","4","5","3","2","48402","45771","2631","48137","45510","2627","49275","45913","3362","49515","45141","4374","50308","45636","4672","48993","44184","4809","48427","43639","4788","48156","43701","4455","9.3","46699","43130","3569","46510"
"36047","NY","Kings County, NY","1","1","1","1","1073743","1016247","57496","1086423","1027298","59125","1106224","1039579","66645","1119823","1008638","111185","1163500","1047979","115521","1169931","1057568","112363","1192035","1074789","117246","1210844","1097519","113325","9.4","1222973","1128931","94042","47067"
"36049","NY","Lewis County, NY","6","6","6","6","13042","12338","704","12487","11809","678","12637","11795","842","12755","11636","1119","12755","11591","1164","12402","11204","1198","12266","11040","1226","12201","11045","1156","9.5","11890","10960","930","45926"
"36051","NY","Livingston County, NY","1","1","1","1","32877","31306","1571","32250","30671","1579","32529","30594","1935","32143","29442","2701","32753","30103","2650","32030","29580","2450","32144","29619","2525","31778","29530","2248","7.1","31039","29245","1794","51901"
"36053","NY","Madison County, NY","2","2","2","2","36087","34444","1643","35960","34286","1674","36505","34410","2095","36089","33175","2914","35584","32629","2955","34758","31917","2841","34611","31668","2943","34301","31690","2611","7.6","33428","31285","2143","51057"
"36055","NY","Monroe County, NY","1","1","1","1","375168","358950","16218","373025","356559","16466","378082","357407","20675","375379","345928","29451","378233","347828","30405","374048","345322","28726","376181","346560","29621","373135","347217","25918","6.9","364745","343666","21079","51722"
"36057","NY","Montgomery County, NY","4","5","4","5","24963","23542","1421","24476","23045","1431","24820","23065","1755","24427","22118","2309","23918","21506","2412","23445","21048","2397","23441","21007","2434","23089","20969","2120","9.2","22242","20581","1661","43880"
"36059","NY","Nassau County, NY","1","1","1","1","696480","670604","25876","694915","669351","25564","700692","667509","33183","692905","645100","47805","691464","642147","49317","683792","637159","46633","693359","644777","48582","694605","653605","41000","5.9","684861","652211","32650","95395"
"36061","NY","New York County, NY","1","1","1","1","909103","869930","39173","917566","877728","39838","931595","885850","45745","931604","852963","78641","881202","805553","75649","881143","812437","68706","895427","823912","71515","902951","836046","66905","7.4","915344","859957","55387","71443"
"36063","NY","Niagara County, NY","1","1","1","1","112203","106228","5975","111370","105428","5942","114018","106367","7651","113676","103142","10534","107843","97463","10380","105612","96013","9599","105663","95872","9791","104557","95794","8763","8.4","102089","94994","7095","46752"
"36065","NY","Oneida County, NY","2","2","2","2","110879","106093","4786","109920","105220","4700","111293","105296","5997","110627","102470","8157","112243","103679","8564","109056","100336","8720","108542","99593","8949","106873","98903","7970","7.5","103635","97316","6319","44031"
"36067","NY","Onondaga County, NY","2","2","2","2","234218","224259","9959","232522","223044","9478","235592","223381","12211","233629","215790","17839","236983","217959","19024","232785","214813","17972","232916","214577","18339","230905","215106","15799","6.8","224744","212234","12510","52055"
"36069","NY","Ontario County, NY","1","1","1","1","56820","54357","2463","56227","53872","2355","56982","54042","2940","56956","52826","4130","56366","52174","4192","55808","51839","3969","56048","51959","4089","55710","52200","3510","6.3","54551","51686","2865","57846"
"36071","NY","Orange County, NY","2","2","1","1","179908","172387","7521","179230","171540","7690","181533","171776","9757","180483","166368","14115","181305","166840","14465","179006","165189","13817","179570","165371","14199","178277","166075","12202","6.8","175742","166109","9633","68249"
"36073","NY","Orleans County, NY","1","1","1","1","19927","18811","1116","19476","18349","1127","19574","18214","1360","19376","17571","1805","19148","17313","1835","18831","17086","1745","18870","17041","1829","18644","16946","1698","9.1","18165","16781","1384","43876"
"36075","NY","Oswego County, NY","2","2","2","2","60265","56799","3466","59415","56086","3329","60525","56314","4211","60028","54139","5889","58883","52615","6268","58038","51785","6253","57915","51574","6341","56997","51387","5610","9.8","55142","50713","4429","46281"
"36077","NY","Otsego County, NY","6","5","7","8","31984","30585","1399","31622","30194","1428","31703","29900","1803","31640","29261","2379","31879","29468","2411","31397","28968","2429","31451","28981","2470","31018","28902","2116","6.8","30248","28528","1720","47689"
"36079","NY","Putnam County, NY","1","1","1","1","56183","54225","1958","55673","53787","1886","56065","53581","2484","55010","51328","3682","52593","48806","3787","51595","48012","3583","51563","47888","3675","51167","48067","3100","6.1","50203","47752","2451","92014"
"36081","NY","Queens County, NY","1","1","1","1","1091546","1042607","48939","1102350","1052959","49391","1120482","1064170","56312","1129395","1034421","94974","1106461","1011049","95412","1107831","1018203","89628","1125279","1032011","93268","1141925","1053630","88295","7.7","1157675","1083808","73867","56307"
"36083","NY","Rensselaer County, NY","2","2","2","2","83873","80475","3398","83128","79590","3538","84331","79974","4357","83896","77680","6216","84600","78042","6558","82825","76529","6296","83581","77109","6472","83176","77634","5542","6.7","81533","77177","4356","56643"
"36085","NY","Richmond County, NY","1","1","1","1","236624","226076","10548","239789","228808","10981","244150","231712","12438","246087","225883","20204","216953","196493","20460","216332","196673","19659","218140","197777","20363","220219","201035","19184","8.7","222974","206826","16148","68621"
"36087","NY","Rockland County, NY","1","1","1","1","152379","146739","5640","153871","147944","5927","156197","148768","7429","153851","143259","10592","149986","138812","11174","148889","138344","10545","150294","139418","10876","150126","140784","9342","6.2","148428","140828","7600","80132"
"36089","NY","St. Lawrence County, NY","5","8","4","5","49620","46793","2827","49337","46476","2861","50282","46719","3563","49756","44882","4874","49962","44800","5162","48935","43852","5083","48581","43617","4964","48318","43903","4415","9.1","47230","43582","3648","43556"
"36091","NY","Saratoga County, NY","2","2","2","2","120351","116140","4211","119421","115047","4374","121922","116361","5561","122056","114315","7741","118043","109905","8138","115750","108043","7707","117497","109497","8000","117662","110823","6839","5.8","115554","110183","5371","69917"
"36093","NY","Schenectady County, NY","2","2","2","2","76133","73050","3083","75551","72418","3133","77005","73087","3918","76792","71210","5582","79013","72971","6042","77123","71340","5783","78033","72042","5991","77787","72555","5232","6.7","76221","72123","4098","53978"
"36095","NY","Schoharie County, NY","2","2","2","2","15849","15045","804","15725","14816","909","15914","14822","1092","15581","14198","1383","15923","14503","1420","15573","14172","1401","15458","14031","1427","15246","14004","1242","8.1","14921","13929","992","49307"
"36097","NY","Schuyler County, NY","6","7","6","7","9969","9470","499","9965","9468","497","10157","9568","589","10054","9215","839","9043","8221","822","9016","8221","795","9029","8187","842","8836","8075","761","8.6","8578","7984","594","44080"
"36099","NY","Seneca County, NY","6","3","6","3","17336","16563","773","16993","16237","756","17185","16237","948","17207","15903","1304","16422","15077","1345","16116","14839","1277","16236","14943","1293","15855","14763","1092","6.9","15570","14690","880","45265"
"36101","NY","Steuben County, NY","4","5","4","3","44698","42367","2331","44734","42386","2348","45922","43132","2790","46013","41573","4440","47304","42781","4523","46170","41954","4216","45844","41548","4296","45547","41688","3859","8.5","44267","41203","3064","46540"
"36103","NY","Suffolk County, NY","1","1","1","1","787066","756494","30572","787940","757541","30399","799996","759899","40097","791881","734271","57610","777897","717632","60265","771146","712463","58683","779327","718705","60622","778226","727502","50724","6.5","766711","725918","40793","84940"
"36105","NY","Sullivan County, NY","4","6","4","4","35383","33611","1772","35227","33391","1836","35661","33339","2322","35381","32309","3072","36473","33224","3249","35521","32356","3165","35314","32084","3230","34485","31653","2832","8.2","33318","31093","2225","46928"
"36107","NY","Tioga County, NY","2","2","2","2","26454","25325","1129","26179","24952","1227","26367","24973","1394","26244","24124","2120","26567","24447","2120","25836","23848","1988","25467","23452","2015","24897","23107","1790","7.2","24033","22567","1466","51026"
"36109","NY","Tompkins County, NY","3","2","3","2","55378","53506","1872","55351","53485","1866","56222","53896","2326","56661","53344","3317","54765","51395","3370","54227","50943","3284","55053","51687","3366","55763","52865","2898","5.2","54643","52281","2362","49457"
"36111","NY","Ulster County, NY","3","2","3","2","92551","88744","3807","90485","86555","3930","90715","85770","4945","89944","83014","6930","93602","86306","7296","91353","84177","7176","91044","83486","7558","90094","83573","6521","7.2","88232","83136","5096","56933"
"36113","NY","Warren County, NY","3","2","3","2","36502","34876","1626","36324","34706","1618","36689","34624","2065","36435","33557","2878","34152","31080","3072","33635","30640","2995","33714","30654","3060","32980","30322","2658","8.1","32244","30146","2098","52552"
"36115","NY","Washington County, NY","3","2","3","2","32887","31550","1337","32403","31060","1343","32850","31099","1751","32510","30092","2418","30232","27740","2492","29742","27336","2406","29879","27421","2458","29270","27118","2152","7.4","28705","26971","1734","48522"
"36117","NY","Wayne County, NY","1","1","1","1","48603","46348","2255","47564","45317","2247","48189","45369","2820","47691","43725","3966","47427","43225","4202","46476","42560","3916","46520","42527","3993","45794","42323","3471","7.6","44652","41904","2748","50603"
"36119","NY","Westchester County, NY","1","1","1","1","487426","469034","18392","489581","471440","18141","495831","472088","23743","487641","453096","34545","478703","443503","35200","473866","440338","33528","477347","442713","34634","475821","446053","29768","6.3","470316","446219","24097","83094"
"36121","NY","Wyoming County, NY","6","4","6","4","21824","20767","1057","21424","20375","1049","21392","20062","1330","21030","19147","1883","19456","17615","1841","18894","17244","1650","18894","17226","1668","18743","17262","1481","7.9","18411","17212","1199","51676"
"36123","NY","Yates County, NY","6","4","1","1","13056","12509","547","13055","12508","547","13242","12594","648","13233","12341","892","12230","11327","903","12093","11189","904","12075","11144","931","11913","11116","797","6.7","11673","11022","651","45509"
"37000","NC","North Carolina",,,,,"4444967","4234095","210872","4512856","4300304","212552","4560059","4281713","278346","4570789","4087105","483684","4616691","4115629","501062","4634470","4160613","473857","4682671","4251021","431650","4680748","4310422","370326","7.9","4656194","4370379","285815","45946"
"37001","NC","Alamance County, NC","3","2","3","2","69615","65815","3800","69983","66446","3537","71184","66652","4532","71389","63057","8332","76792","68437","8355","77291","69840","7451","78088","71422","6666","77163","71513","5650","7.3","76272","71999","4273","43001"
"37003","NC","Alexander County, NC","2","2","2","2","18500","17610","890","18206","17254","952","18214","16947","1267","18177","15656","2521","18257","15874","2383","17899","15884","2015","17679","15998","1681","17428","16088","1340","7.7","17155","16204","951","46064"
"37005","NC","Alleghany County, NC","9","10","9","10","4950","4704","246","4898","4645","253","4549","4211","338","4667","4114","553","4748","4179","569","4631","4066","565","4606","4128","478","4406","4022","384","8.7","4346","4053","293","37086"
"37007","NC","Anson County, NC","1","1","6","4","10670","9866","804","10302","9547","755","10252","9349","903","10096","8603","1493","11185","9607","1578","11106","9748","1358","11067","9868","1199","10894","9873","1021","9.4","10864","10104","760","33443"
"37009","NC","Ashe County, NC","9","10","7","10","12816","12097","719","13078","12423","655","12551","11710","841","12547","11042","1505","13723","12101","1622","13256","11806","1450","13202","11825","1377","12828","11655","1173","9.1","12310","11477","833","35155"
"37011","NC","Avery County, NC","8","7","8","7","8018","7628","390","8257","7870","387","8826","8325","501","8986","8155","831","7946","7090","856","7770","6910","860","7748","6930","818","7666","6989","677","8.8","7606","7123","483","34933"
"37013","NC","Beaufort County, NC","6","5","6","5","20572","19398","1174","21313","20122","1191","20743","19269","1474","20791","18428","2363","21169","18690","2479","21477","19098","2379","21056","18842","2214","20394","18473","1921","9.4","19864","18439","1425","39043"
"37015","NC","Bertie County, NC","9","12","7","11","8731","8165","566","8818","8325","493","8694","8036","658","9016","8030","986","9191","8108","1083","9074","7980","1094","8673","7688","985","8436","7593","843","10","8436","7777","659","31610"
"37017","NC","Bladen County, NC","6","6","6","6","15232","14262","970","15668","14702","966","15444","14257","1187","15350","13480","1870","15197","13172","2025","14868","12884","1984","14458","12634","1824","14309","12672","1637","11.4","14229","12923","1306","33971"
"37019","NC","Brunswick County, NC","2","2","2","2","46535","44463","2072","47823","45649","2174","49932","46777","3155","50979","45515","5464","46521","40693","5828","47013","41296","5717","47335","42073","5262","47520","42937","4583","9.6","47307","43735","3572","47799"
"37021","NC","Buncombe County, NC","2","2","2","2","118775","114342","4433","120202","115970","4232","122278","116582","5696","121935","111790","10145","123877","113293","10584","124932","115041","9891","126758","117636","9122","127564","120012","7552","5.9","127155","121350","5805","45738"
"37023","NC","Burke County, NC","2","2","2","2","41543","39165","2378","40070","37685","2385","40287","37032","3255","39670","34060","5610","41680","36298","5382","41211","36502","4709","40721","36725","3996","40009","36706","3303","8.3","39324","36892","2432","36150"
"37025","NC","Cabarrus County, NC","1","1","1","1","80713","77389","3324","82663","79012","3651","84919","80093","4826","84852","75546","9306","89005","78729","10276","89811","80503","9308","91344","83198","8146","91894","85006","6888","7.5","92661","87430","5231","55046"
"37027","NC","Caldwell County, NC","2","2","2","2","39817","36849","2968","38427","35713","2714","38151","35210","2941","37967","32257","5710","38206","32535","5671","37342","32412","4930","36905","32648","4257","36263","32820","3443","9.5","35472","32967","2505","34811"
"37029","NC","Camden County, NC","8","3","8","3","4519","4327","192","4620","4436","184","4541","4297","244","4465","4091","374","4596","4211","385","4595","4204","391","4527","4174","353","4512","4195","317","7","4441","4175","266","60537"
"37031","NC","Carteret County, NC","4","5","4","5","32918","31562","1356","33229","31899","1330","32743","31001","1742","32624","29799","2825","31378","28372","3006","30963","27978","2985","31477","28719","2758","31053","28692","2361","7.6","30894","29048","1846","46227"
"37033","NC","Caswell County, NC","8","7","8","7","10715","9953","762","10706","9993","713","10747","9888","859","10861","9503","1358","10071","8739","1332","10110","8926","1184","9962","8915","1047","9829","8960","869","8.8","9560","8894","666","37122"
"37035","NC","Catawba County, NC","2","2","2","2","77385","73255","4130","76408","72207","4201","76720","71301","5419","77039","66291","10748","77884","67712","10172","76833","67888","8945","76613","68879","7734","75820","69409","6411","8.5","74388","69705","4683","43777"
"37037","NC","Chatham County, NC","2","2","2","2","32468","31221","1247","32498","31263","1235","33767","32114","1653","34333","31615","2718","30655","28033","2622","31119","28610","2509","31629","29172","2457","31507","29570","1937","6.1","31582","30101","1481","56981"
"37039","NC","Cherokee County, NC","9","12","9","12","10546","9981","565","10231","9596","635","9976","9067","909","9972","8445","1527","11662","10158","1504","11605","10235","1370","11435","10189","1246","11238","10212","1026","9.1","10957","10188","769","34476"
"37041","NC","Chowan County, NC","7","9","6","4","7015","6667","348","7123","6687","436","6692","6116","576","6533","5763","770","6152","5414","738","5959","5239","720","5908","5270","638","5705","5149","556","9.7","5649","5212","437","39143"
"37043","NC","Clay County, NC","9","12","9","12","4686","4505","181","4903","4706","197","4659","4361","298","4604","4067","537","4243","3712","531","4147","3671","476","4169","3741","428","4040","3693","347","8.6","4033","3775","258","37078"
"37045","NC","Cleveland County, NC","4","3","4","3","47884","44856","3028","49360","46420","2940","48838","44846","3992","48587","41274","7313","45632","38892","6740","45879","40227","5652","45763","40747","5016","46380","42030","4350","9.4","45480","42232","3248","40528"
"37047","NC","Columbus County, NC","6","6","6","6","23665","22347","1318","24348","23037","1311","24150","22294","1856","24433","21287","3146","24199","20958","3241","23959","20765","3194","23199","20374","2825","24023","21571","2452","10.2","22885","20978","1907","35026"
"37049","NC","Craven County, NC","5","8","3","2","41958","40121","1837","43233","41388","1845","42095","39608","2487","42338","37947","4391","42272","37736","4536","41932","37520","4412","41902","37945","3957","41352","37789","3563","8.6","40884","38100","2784","45022"
"37051","NC","Cumberland County, NC","2","2","2","2","129015","122062","6953","129424","122573","6851","133207","125074","8133","137050","124807","12243","131073","117804","13269","132521","118667","13854","132410","118663","13747","130366","117956","12410","9.5","126451","116619","9832","44038"
"37053","NC","Currituck County, NC","1","1","1","1","12644","12221","423","12530","12134","396","12793","12237","556","12704","11833","871","12187","11102","1085","12337","11238","1099","12441","11407","1034","12539","11588","951","7.6","12289","11543","746","57577"
"37055","NC","Dare County, NC","5","8","4","3","22416","21416","1000","22662","21560","1102","21995","20599","1396","21738","19545","2193","19683","17297","2386","20047","17456","2591","20710","18180","2530","20425","18214","2211","10.8","19822","18199","1623","52083"
"37057","NC","Davidson County, NC","4","5","2","2","79638","74990","4648","79345","74935","4410","77717","72235","5482","77564","67652","9912","80608","70689","9919","79425","70697","8728","79667","71968","7699","79095","72650","6445","8.1","77923","73120","4803","40424"
"37059","NC","Davie County, NC","2","2","2","2","20548","19695","853","20580","19581","999","20953","19694","1259","20806","18445","2361","20255","17875","2380","19984","17885","2099","19995","18202","1793","19889","18426","1463","7.4","19684","18571","1113","49708"
"37061","NC","Duplin County, NC","6","6","6","6","23444","22235","1209","24280","23201","1079","24027","22643","1384","24427","22123","2304","25809","23415","2394","26249","23768","2481","26442","24039","2403","26396","24290","2106","8","26417","24756","1661","38106"
"37063","NC","Durham County, NC","2","2","2","2","134474","129229","5245","136544","131366","5178","141313","134659","6654","143682","132533","11149","143385","131566","11819","145370","133604","11766","148829","137866","10963","150250","140928","9322","6.2","150959","143422","7537","52331"
"37065","NC","Edgecombe County, NC","3","2","3","2","24278","22329","1949","24242","22429","1813","24498","22024","2474","24427","20559","3868","25497","21482","4015","24922","21068","3854","24360","20893","3467","23881","20806","3075","12.9","23063","20727","2336","33080"
"37067","NC","Forsyth County, NC","2","2","2","2","173023","165618","7405","173449","165850","7599","176953","167023","9930","179178","162229","16949","172972","155423","17549","173625","156642","16983","176484","160963","15521","176938","163732","13206","7.5","174969","164722","10247","46163"
"37069","NC","Franklin County, NC","2","2","1","1","26831","25705","1126","26930","25737","1193","27744","26024","1720","27633","24796","2837","27950","24903","3047","27937","24977","2960","28160","25464","2696","28111","25849","2262","8","28312","26569","1743","39312"
"37071","NC","Gaston County, NC","1","1","1","1","98059","92664","5395","97592","92055","5537","99629","92132","7497","99832","86084","13748","101200","87522","13678","100395","88575","11820","100939","90506","10433","100455","91558","8897","8.9","100681","94124","6557","42461"
"37073","NC","Gates County, NC","8","4","1","1","4958","4762","196","4987","4774","213","4853","4597","256","4822","4465","357","5459","5024","435","5430","4983","447","5363","4951","412","5248","4879","369","7","5188","4883","305","48194"
"37075","NC","Graham County, NC","9","12","9","12","4099","3838","261","4678","4344","334","4371","3907","464","3696","3063","633","3703","3053","650","3618","2967","651","3577","2949","628","3505","2975","530","15.1","3347","2916","431","33553"
"37077","NC","Granville County, NC","6","6","4","3","24261","23000","1261","25096","23815","1281","25437","23743","1694","25625","22935","2690","27384","24716","2668","27890","25398","2492","28374","26069","2305","28371","26358","2013","7.1","27965","26432","1533","48680"
"37079","NC","Greene County, NC","3","2","8","7","9110","8615","495","9174","8676","498","9262","8656","606","9257","8290","967","9427","8473","954","9560","8645","915","9658","8831","827","9390","8647","743","7.9","9363","8779","584","39481"
"37081","NC","Guilford County, NC","2","2","2","2","246620","235196","11424","247292","235637","11655","250557","235604","14953","249715","223165","26550","251966","223995","27971","253120","226762","26358","254822","230671","24151","254494","233751","20743","8.2","250327","234312","16015","46093"
"37083","NC","Halifax County, NC","4","5","4","5","23925","22374","1551","24355","22793","1562","23799","21677","2122","24239","20950","3289","22819","19463","3356","22373","19124","3249","21973","19020","2953","21721","19184","2537","11.7","21069","19058","2011","32597"
"37085","NC","Harnett County, NC","4","5","4","3","46730","44436","2294","47956","45634","2322","47889","44746","3143","48255","42771","5484","48776","43253","5523","49153","43587","5566","49744","44499","5245","49531","44993","4538","9.2","48877","45357","3520","45257"
"37087","NC","Haywood County, NC","2","2","2","2","27603","26491","1112","27421","26316","1105","27812","26266","1546","27812","25153","2659","27643","24805","2838","27552","24797","2755","27558","25085","2473","27514","25426","2088","7.6","27238","25727","1511","39320"
"37089","NC","Henderson County, NC","2","2","2","2","47901","46192","1709","48419","46724","1695","49544","47221","2323","49766","45380","4386","48376","43976","4400","48446","44398","4048","48673","45085","3588","48981","46002","2979","6.1","48956","46587","2369","44561"
"37091","NC","Hertford County, NC","7","11","6","4","9718","9180","538","9925","9406","519","9811","9164","647","10054","9084","970","9831","8788","1043","9634","8545","1089","9579","8554","1025","9475","8593","882","9.3","9328","8652","676","33616"
"37093","NC","Hoke County, NC","2","2","2","2","19520","18479","1041","19126","18157","969","19699","18584","1115","20799","19133","1666","18574","16692","1882","19431","17344","2087","19804","17734","2070","19655","17772","1883","9.6","19117","17602","1515","43987"
"37095","NC","Hyde County, NC","9","10","9","10","2680","2538","142","2689","2536","153","2674","2490","184","2627","2398","229","2234","1986","248","2112","1831","281","2128","1846","282","2146","1906","240","11.2","2154","1962","192","36681"
"37097","NC","Iredell County, NC","4","3","1","1","76658","73303","3355","79857","76196","3661","78849","73841","5008","78912","68873","10039","78633","68494","10139","78513","69603","8910","79249","71444","7805","79131","72602","6529","8.3","79485","74670","4815","49983"
"37099","NC","Jackson County, NC","6","6","6","5","21525","20748","777","21884","21080","804","20956","19908","1048","20703","18860","1843","18437","16425","2012","18061","16074","1987","18051","16186","1865","18327","16778","1549","8.5","18125","16970","1155","40511"
"37101","NC","Johnston County, NC","2","2","1","1","74090","71163","2927","75088","72010","3078","77790","73394","4396","78503","70719","7784","81686","73576","8110","82453","74668","7785","83551","76569","6982","84148","78284","5864","7","85187","80538","4649","50904"
"37103","NC","Jones County, NC","8","5","3","2","4807","4588","219","4820","4606","214","4696","4396","300","4621","4124","497","4597","4082","515","4583","4098","485","4591","4139","452","4525","4148","377","8.3","4520","4232","288","39602"
"37105","NC","Lee County, NC","4","5","4","5","26237","24822","1415","26470","24975","1495","25800","23863","1937","26038","22346","3692","27095","23633","3462","27240","23891","3349","27112","24044","3068","25995","23376","2619","10.1","24749","22754","1995","48061"
"37107","NC","Lenoir County, NC","4","5","4","5","27443","25911","1532","27936","26463","1473","27008","25074","1934","26971","23778","3193","26871","23683","3188","27605","24611","2994","28501","25727","2774","28421","25974","2447","8.6","27673","25734","1939","34127"
"37109","NC","Lincoln County, NC","4","3","1","1","37828","35936","1892","39774","37819","1955","39344","36514","2830","39200","33770","5430","39965","34874","5091","39798","35360","4438","39954","36128","3826","39760","36497","3263","8.2","39881","37514","2367","50537"
"37111","NC","McDowell County, NC","6","6","6","5","21072","19787","1285","21439","20245","1194","20799","19105","1694","20475","17355","3120","20632","17886","2746","20629","18088","2541","20633","18412","2221","20395","18581","1814","8.9","20596","19293","1303","36840"
"37113","NC","Macon County, NC","7","11","7","9","16119","15412","707","16643","15963","680","16285","15325","960","15922","14169","1753","15460","13678","1782","15486","13738","1748","15487","13855","1632","15154","13785","1369","9","14849","13884","965","37219"
"37115","NC","Madison County, NC","2","2","2","2","9935","9523","412","9830","9442","388","10017","9454","563","9908","8976","932","9403","8429","974","9448","8488","960","9497","8589","908","9460","8710","750","7.9","9366","8819","547","37479"
"37117","NC","Martin County, NC","6","6","6","6","11923","11271","652","12022","11386","636","11891","11127","764","11864","10600","1264","10480","9145","1335","10634","9322","1312","10428","9190","1238","10069","9029","1040","10.3","9819","9067","752","34761"
"37119","NC","Mecklenburg County, NC","1","1","1","1","445356","425476","19880","456736","436055","20681","466991","439235","27756","465775","416463","49312","502180","448596","53584","513669","462901","50768","527919","481963","45956","535777","495568","40209","7.5","540956","509197","31759","54657"
"37121","NC","Mitchell County, NC","9","12","7","10","7565","7096","469","7344","6822","522","7087","6519","568","7180","6289","891","6816","5973","843","6748","5951","797","6660","5853","807","6658","5934","724","10.9","6488","6001","487","38303"
"37123","NC","Montgomery County, NC","6","6","6","6","12187","11368","819","11922","11171","751","11302","10382","920","11059","9570","1489","11455","10044","1411","11524","10171","1353","11576","10358","1218","11667","10705","962","8.2","11401","10674","727","35613"
"37125","NC","Moore County, NC","4","5","4","5","36356","34626","1730","37189","35495","1694","36370","34153","2217","36267","32591","3676","36351","32676","3675","37112","33594","3518","37509","34248","3261","37809","34909","2900","7.7","37883","35639","2244","50169"
"37127","NC","Nash County, NC","3","2","3","2","44817","42356","2461","46370","43912","2458","46886","43428","3458","47359","41655","5704","47445","41487","5958","46937","41086","5851","46139","40838","5301","45201","40560","4641","10.3","43775","40332","3443","41575"
"37129","NC","New Hanover County, NC","2","2","2","2","101711","97961","3750","104304","100377","3927","105444","100018","5426","104719","95014","9705","107563","97120","10443","107516","97282","10234","108967","99556","9411","109294","101079","8215","7.5","109507","103164","6343","48651"
"37131","NC","Northampton County, NC","9","8","9","8","8995","8481","514","9084","8542","542","8667","8000","667","8633","7656","977","8713","7700","1013","8646","7589","1057","8314","7364","950","8146","7340","806","9.9","7943","7316","627","31732"
"37133","NC","Onslow County, NC","3","2","3","2","58206","55620","2586","59887","57207","2680","63010","59461","3549","65809","60234","5575","63331","58091","5240","62715","57523","5192","63641","58567","5074","63912","59414","4498","7","63739","59970","3769","45213"
"37135","NC","Orange County, NC","2","2","2","2","67112","64893","2219","67916","65724","2192","69732","66952","2780","69999","65481","4518","69949","65332","4617","70191","65617","4574","72125","67759","4366","72592","68779","3813","5.3","73196","69942","3254","59472"
"37137","NC","Pamlico County, NC","9","8","3","2","5645","5387","258","5600","5361","239","5413","5092","321","5297","4767","530","5501","4940","561","5481","4950","531","5376","4892","484","5321","4873","448","8.4","5278","4933","345","43517"
"37139","NC","Pasquotank County, NC","7","8","4","3","17834","16943","891","18288","17374","914","17953","16729","1224","17797","16029","1768","18505","16664","1841","18293","16404","1889","18156","16335","1821","17650","15955","1695","9.6","17177","15807","1370","40094"
"37141","NC","Pender County, NC","2","2","2","2","23402","22427","975","23590","22594","996","24381","22913","1468","24623","21929","2694","24441","21645","2796","24623","21842","2781","24892","22308","2584","24960","22727","2233","8.9","24990","23268","1722","44949"
"37143","NC","Perquimans County, NC","9","8","8","3","5264","4988","276","5337","5060","277","5299","4942","357","5186","4638","548","5336","4768","568","5305","4727","578","5269","4726","543","5209","4717","492","9.4","5095","4709","386","42504"
"37145","NC","Person County, NC","2","2","2","2","19162","17973","1189","18861","17593","1268","19015","17646","1369","19191","17022","2169","18701","16383","2318","18553","16356","2197","18382","16385","1997","18251","16444","1807","9.9","18113","16771","1342","42091"
"37147","NC","Pitt County, NC","3","2","3","2","76178","72195","3983","79009","75003","4006","80996","75795","5201","82319","74040","8279","85902","77159","8743","85801","77128","8673","87707","79760","7947","87390","80431","6959","8","86461","81029","5432","40940"
"37149","NC","Polk County, NC","8","7","8","7","9390","9062","328","9701","9370","331","9538","9081","457","9447","8589","858","8565","7696","869","8447","7667","780","8351","7654","697","8637","8081","556","6.4","8349","7915","434","43665"
"37151","NC","Randolph County, NC","2","2","2","2","76469","72952","3517","74238","70754","3484","75059","70321","4738","74265","65927","8338","69387","61072","8315","68714","61224","7490","68474","61737","6737","67714","61953","5761","8.5","66378","62212","4166","40896"
"37153","NC","Richmond County, NC","4","5","5","8","20216","18691","1525","20691","19152","1539","20109","18262","1847","19973","17181","2792","19161","16347","2814","18533","15872","2661","18177","15792","2385","17627","15600","2027","11.5","16957","15476","1481","32825"
"37155","NC","Robeson County, NC","4","5","4","5","53884","50559","3325","56833","53332","3501","55922","51507","4415","55871","49221","6650","53933","46558","7375","53561","45978","7583","52915","45959","6956","52043","45934","6109","11.7","50686","46005","4681","30248"
"37157","NC","Rockingham County, NC","2","2","2","2","46067","43339","2728","44568","41822","2746","44504","41197","3307","43899","38348","5551","44203","38362","5841","43564","38230","5334","43042","38226","4816","42030","37997","4033","9.6","41128","38134","2994","40446"
"37159","NC","Rowan County, NC","4","3","1","1","69324","65876","3448","70465","66228","4237","69967","65244","4723","70583","61606","8977","64298","55248","9050","63472","55608","7864","63285","56466","6819","62562","56859","5703","9.1","62646","58466","4180","41475"
"37161","NC","Rutherford County, NC","4","5","4","5","29746","27442","2304","30295","28352","1943","29663","27289","2374","28325","23714","4611","26996","22481","4515","26507","22664","3843","26813","23298","3515","25884","23021","2863","11.1","25198","23076","2122","35544"
"37163","NC","Sampson County, NC","6","6","6","4","31237","29815","1422","33022","31712","1310","32368","30643","1725","31303","28555","2748","29559","26704","2855","29668","26808","2860","29647","26965","2682","29495","27215","2280","7.7","29411","27590","1821","35890"
"37165","NC","Scotland County, NC","6","5","6","5","14801","13491","1310","14507","13058","1449","13888","12374","1514","13789","11469","2320","13117","10808","2309","12875","10565","2310","12481","10355","2126","12227","10402","1825","14.9","11915","10518","1397","32314"
"37167","NC","Stanly County, NC","6","3","6","3","30040","28513","1527","30681","29191","1490","30088","28138","1950","30271","26622","3649","29086","25254","3832","28855","25484","3371","28774","25950","2824","28786","26473","2313","8","28308","26639","1669","42801"
"37169","NC","Stokes County, NC","2","2","2","2","24265","23221","1044","23807","22765","1042","24087","22690","1397","23500","21012","2488","22843","20240","2603","22496","20173","2323","22371","20331","2040","22077","20396","1681","7.6","21788","20528","1260","44552"
"37171","NC","Surry County, NC","4","5","4","5","34969","33179","1790","35132","33263","1869","34132","31493","2639","33728","29533","4195","34434","30301","4133","33858","30213","3645","33687","30461","3226","33209","30464","2745","8.3","32669","30686","1983","36221"
"37173","NC","Swain County, NC","8","7","8","7","7255","6849","406","7292","6833","459","6933","6393","540","6795","5983","812","6269","5345","924","6484","5476","1008","6523","5570","953","6579","5772","807","12.3","6363","5799","564","34552"
"37175","NC","Transylvania County, NC","6","5","6","5","12627","12096","531","13357","12864","493","13345","12665","680","13232","12003","1229","13811","12462","1349","13406","12145","1261","13484","12307","1177","13383","12388","995","7.4","13239","12471","768","40578"
"37177","NC","Tyrrell County, NC","9","10","9","8","2121","1999","122","2213","2088","125","2204","2049","155","2206","1967","239","1659","1414","245","1631","1390","241","1580","1369","211","1550","1358","192","12.4","1529","1383","146","32642"
"37179","NC","Union County, NC","1","1","1","1","88957","85447","3510","91672","88052","3620","95592","90372","5220","95385","85847","9538","101105","90967","10138","102382","93088","9294","104239","96114","8125","105409","98528","6881","6.5","106780","101318","5462","63912"
"37181","NC","Vance County, NC","4","5","4","3","18773","17369","1404","19622","18320","1302","19522","17804","1718","19363","16718","2645","19018","16332","2686","18647","15879","2768","18492","16005","2487","18076","16017","2059","11.4","17897","16256","1641","35565"
"37183","NC","Wake County, NC","2","2","1","1","427016","411511","15505","441589","426174","15415","456089","435242","20847","459057","421150","37907","480478","440623","39855","488119","449757","38362","502865","467130","35735","509978","479539","30439","6","517101","492473","24628","65433"
"37185","NC","Warren County, NC","8","7","8","4","7886","7386","500","7796","7311","485","7765","7116","649","7900","6861","1039","7555","6519","1036","7646","6584","1062","7585","6647","938","7283","6493","790","10.8","7225","6596","629","33767"
"37187","NC","Washington County, NC","7","9","7","9","6117","5710","407","6412","5999","413","6145","5677","468","6231","5497","734","5697","4885","812","4990","4154","836","4872","4133","739","5287","4635","652","12.3","5013","4540","473","31596"
"37189","NC","Watauga County, NC","6","5","5","8","23843","22959","884","24743","23905","838","22998","21916","1082","23041","21211","1830","26879","24769","2110","27013","24889","2124","27081","25089","1992","26908","25182","1726","6.4","26826","25449","1377","38380"
"37191","NC","Wayne County, NC","3","2","3","2","52107","49666","2441","52722","50347","2375","53513","50452","3061","53940","49219","4721","54798","49777","5021","54896","49950","4946","55420","50742","4678","54639","50417","4222","7.7","53587","50224","3363","41526"
"37193","NC","Wilkes County, NC","6","5","6","3","31410","29715","1695","31357","29660","1697","30141","27894","2247","30172","26342","3830","31077","26901","4176","31098","27451","3647","30597","27441","3156","29868","27223","2645","8.9","29274","27364","1910","35895"
"37195","NC","Wilson County, NC","4","5","4","3","39775","36952","2823","40724","38173","2551","39932","36868","3064","39661","34648","5013","38254","32939","5315","38288","32985","5303","38366","33413","4953","38059","33627","4432","11.6","37397","33928","3469","40772"
"37197","NC","Yadkin County, NC","2","2","2","2","19560","18725","835","19086","18271","815","19327","18247","1080","18744","16798","1946","18195","16200","1995","17959","16122","1837","17951","16332","1619","17804","16464","1340","7.5","17585","16629","956","40998"
"37199","NC","Yancey County, NC","8","7","8","7","7946","7503","443","8077","7609","468","7760","7173","587","7878","6939","939","7829","6903","926","7897","7008","889","8003","7156","847","7810","7075","735","9.4","7452","6961","491","35866"
"38000","ND","North Dakota",,,,,"361459","349821","11638","367234","355766","11468","371025","359333","11692","368665","353455","15210","378342","364053","14289","388502","375034","13468","397892","385718","12174","406759","394891","11868","2.9","416367","404864","11503","56800"
"38001","ND","Adams County, ND","9","12","9","12","1307","1268","39","1294","1262","32","1260","1230","30","1271","1230","41","1181","1146","35","1142","1109","33","1092","1060","32","1095","1067","28","2.6","1108","1076","32","44833"
"38003","ND","Barnes County, ND","6","6","6","6","5954","5738","216","6029","5840","189","6274","6090","184","6247","5978","269","6141","5865","276","5992","5754","238","5694","5497","197","5666","5482","184","3.2","5585","5404","181","52035"
"38005","ND","Benson County, ND","9","12","9","12","2747","2583","164","2644","2470","174","2640","2470","170","2632","2474","158","2853","2695","158","2873","2696","177","2725","2533","192","2498","2305","193","7.7","2476","2308","168","42326"
"38007","ND","Billings County, ND","9","8","9","10","523","510","13","507","494","13","524","513","11","529","516","13","425","411","14","440","423","17","474","458","16","476","462","14","2.9","498","483","15","74636"
"38009","ND","Bottineau County, ND","9","10","9","10","3450","3322","128","3423","3300","123","3602","3485","117","3640","3500","140","3328","3193","135","3367","3238","129","3347","3231","116","3198","3071","127","4","3227","3109","118","61279"
"38011","ND","Bowman County, ND","9","12","9","12","1771","1732","39","1763","1727","36","1736","1700","36","1737","1685","52","1749","1703","46","1854","1813","41","1895","1860","35","1980","1940","40","2","1893","1858","35","60429"
"38013","ND","Burke County, ND","9","10","9","10","1018","992","26","1016","990","26","1059","1034","25","1101","1066","35","1055","1023","32","1168","1139","29","1313","1286","27","1331","1300","31","2.3","1277","1241","36","60416"
"38015","ND","Burleigh County, ND","3","2","3","2","45843","44622","1221","47237","45984","1253","47416","46099","1317","47555","45868","1687","46596","44922","1674","46947","45430","1517","46811","45499","1312","47579","46395","1184","2.5","47920","46718","1202","63503"
"38017","ND","Cass County, ND","3","2","3","2","84220","82058","2162","87690","85446","2244","88926","86519","2407","87854","84241","3613","89319","86177","3142","90038","87119","2919","89968","87344","2624","91890","89356","2534","2.8","93540","91208","2332","53077"
"38019","ND","Cavalier County, ND","9","12","9","12","2140","2068","72","2092","2029","63","2037","1974","63","1979","1911","68","2168","2099","69","2158","2090","68","2064","1996","68","1993","1924","69","3.5","1988","1926","62","53577"
"38021","ND","Dickey County, ND","9","10","9","10","3019","2936","83","2947","2868","79","2918","2830","88","2771","2627","144","2794","2702","92","2763","2681","82","2652","2578","74","2611","2548","63","2.4","2578","2522","56","52414"
"38023","ND","Divide County, ND","9","10","9","10","957","921","36","900","870","30","887","859","28","878","846","32","1298","1269","29","1505","1477","28","1729","1702","27","1720","1695","25","1.5","1815","1787","28","63616"
"38025","ND","Dunn County, ND","9","10","9","10","1733","1675","58","1691","1626","65","1752","1696","56","1780","1705","75","2292","2219","73","2935","2874","61","3706","3649","57","4148","4090","58","1.4","4325","4270","55","69914"
"38027","ND","Eddy County, ND","9","12","9","12","1319","1252","67","1293","1222","71","1248","1178","70","1184","1121","63","1249","1187","62","1224","1161","63","1204","1140","64","1230","1153","77","6.3","1265","1190","75","46875"
"38029","ND","Emmons County, ND","8","7","8","7","1823","1734","89","1703","1615","88","1685","1603","82","1677","1565","112","1793","1667","126","1735","1628","107","1611","1522","89","1558","1473","85","5.5","1553","1461","92","43438"
"38031","ND","Foster County, ND","9","10","9","10","1722","1664","58","1701","1643","58","1769","1716","53","1728","1666","62","1781","1719","62","1745","1689","56","1661","1609","52","1614","1558","56","3.5","1636","1584","52","55172"
"38033","ND","Golden Valley County, ND","9","12","9","12","850","823","27","877","853","24","868","844","24","892","861","31","948","922","26","948","923","25","952","928","24","946","924","22","2.3","962","941","21","48103"
"38035","ND","Grand Forks County, ND","3","2","3","2","38454","37297","1157","39381","38252","1129","38946","37778","1168","37905","36405","1500","38077","36761","1316","37905","36518","1387","37468","36207","1261","37447","36308","1139","3","37387","36318","1069","49697"
"38037","ND","Grant County, ND","8","7","8","7","1244","1199","45","1200","1157","43","1200","1151","49","1202","1151","51","1382","1329","53","1349","1300","49","1260","1219","41","1241","1203","38","3.1","1285","1247","38","45908"
"38039","ND","Griggs County, ND","9","12","9","12","1321","1280","41","1313","1278","35","1275","1244","31","1284","1241","43","1284","1245","39","1236","1198","38","1195","1162","33","1176","1148","28","2.4","1175","1146","29","50570"
"38041","ND","Hettinger County, ND","9","10","9","10","1198","1156","42","1155","1109","46","1122","1083","39","1177","1133","44","1400","1354","46","1412","1369","43","1387","1348","39","1420","1380","40","2.8","1485","1451","34","60171"
"38043","ND","Kidder County, ND","8","7","8","7","1268","1208","60","1225","1166","59","1242","1191","51","1209","1152","57","1326","1251","75","1275","1203","72","1189","1123","66","1184","1123","61","5.2","1227","1174","53","47390"
"38045","ND","LaMoure County, ND","9","10","9","10","2269","2197","72","2187","2118","69","2238","2165","73","2269","2173","96","2405","2317","88","2328","2256","72","2211","2153","58","2174","2123","51","2.3","2219","2161","58","55388"
"38047","ND","Logan County, ND","9","10","9","10","956","925","31","928","895","33","924","891","33","943","909","34","966","930","36","944","914","30","876","848","28","893","864","29","3.2","902","873","29","48520"
"38049","ND","McHenry County, ND","9","8","9","8","2798","2659","139","2726","2590","136","2734","2594","140","2678","2540","138","3133","2974","159","3177","3023","154","3134","2993","141","3148","3009","139","4.4","3186","3042","144","49078"
"38051","ND","McIntosh County, ND","9","12","9","12","1463","1422","41","1420","1380","40","1392","1352","40","1341","1289","52","1325","1266","59","1290","1241","49","1229","1189","40","1234","1196","38","3.1","1235","1196","39","40540"
"38053","ND","McKenzie County, ND","9","10","9","10","2813","2722","91","2928","2838","90","3111","3036","75","2911","2816","95","3594","3516","78","4638","4556","82","6147","6054","93","7640","7526","114","1.5","9130","8997","133","75699"
"38055","ND","McLean County, ND","8","7","8","7","4661","4450","211","4726","4508","218","4834","4616","218","4953","4720","233","5036","4779","257","4912","4676","236","4679","4469","210","4758","4554","204","4.3","4852","4648","204","53604"
"38057","ND","Mercer County, ND","6","6","7","11","4771","4591","180","4753","4556","197","4841","4620","221","5126","4908","218","4379","4152","227","4186","3963","223","4072","3858","214","4211","4017","194","4.6","4192","4022","170","70150"
"38059","ND","Morton County, ND","3","2","3","2","14840","14352","488","15021","14516","505","15004","14480","524","14964","14316","648","16081","15352","729","15906","15271","635","15572","15018","554","15862","15336","526","3.3","16032","15493","539","59650"
"38061","ND","Mountrail County, ND","9","10","9","10","2907","2733","174","2972","2801","171","2989","2864","125","3706","3560","146","5459","5315","144","6471","6331","140","7404","7283","121","8011","7888","123","1.5","9030","8912","118","65546"
"38063","ND","Nelson County, ND","8","7","8","7","1686","1615","71","1642","1575","67","1732","1674","58","1717","1646","71","1639","1571","68","1614","1542","72","1499","1435","64","1509","1441","68","4.5","1522","1462","60","55915"
"38065","ND","Oliver County, ND","8","7","3","2","1099","1055","44","1131","1083","48","1148","1096","52","1281","1230","51","932","879","53","929","872","57","895","835","60","896","842","54","6","919","862","57","66082"
"38067","ND","Pembina County, ND","9","12","9","12","4101","3849","252","4022","3797","225","3939","3734","205","3910","3681","229","3990","3734","256","3887","3616","271","3665","3426","239","3585","3363","222","6.2","3596","3385","211","53983"
"38069","ND","Pierce County, ND","7","11","7","9","1922","1837","85","1913","1827","86","1934","1850","84","1897","1797","100","1980","1874","106","1917","1824","93","1857","1776","81","1815","1738","77","4.2","1809","1729","80","44585"
"38071","ND","Ramsey County, ND","7","11","7","11","5967","5726","241","5890","5657","233","5841","5621","220","5691","5452","239","6065","5835","230","6093","5861","232","5840","5600","240","5775","5557","218","3.8","5734","5524","210","49299"
"38073","ND","Ransom County, ND","8","7","8","7","3184","3059","125","3061","2965","96","3094","2983","111","2943","2711","232","2793","2661","132","2817","2715","102","2736","2652","84","2705","2625","80","3","2695","2614","81","58578"
"38075","ND","Renville County, ND","9","8","9","8","1338","1297","41","1291","1252","39","1263","1230","33","1242","1193","49","1414","1373","41","1399","1358","41","1403","1370","33","1361","1326","35","2.6","1395","1357","38","61533"
"38077","ND","Richland County, ND","6","5","6","5","9005","8692","313","8996","8696","300","8967","8619","348","8678","8232","446","9068","8720","348","8873","8535","338","8554","8242","312","8584","8293","291","3.4","8556","8287","269","54312"
"38079","ND","Rolette County, ND","9","12","9","12","5116","4648","468","5157","4690","467","5013","4535","478","4951","4381","570","5355","4780","575","5216","4652","564","5088","4558","530","4952","4345","607","12.3","4857","4286","571","34836"
"38081","ND","Sargent County, ND","9","10","9","10","2540","2442","98","2226","2145","81","2231","2128","103","2000","1789","211","2020","1931","89","2088","2023","65","2132","2075","57","2125","2071","54","2.5","2164","2113","51","58672"
"38083","ND","Sheridan County, ND","9","12","9","12","702","664","38","635","603","32","645","618","27","659","625","34","741","709","32","728","696","32","671","643","28","651","621","30","4.6","664","626","38","43346"
"38085","ND","Sioux County, ND","8","7","3","2","1333","1240","93","1292","1210","82","1306","1237","69","1286","1222","64","1314","1248","66","1336","1264","72","1313","1245","68","1321","1260","61","4.6","1347","1283","64","34491"
"38087","ND","Slope County, ND","9","10","9","12","528","516","12","629","619","10","760","750","10","561","549","12","424","413","11","452","442","10","494","483","11","489","478","11","2.2","480","469","11","59852"
"38089","ND","Stark County, ND","7","8","7","8","13717","13359","358","13947","13601","346","14314","13977","337","14409","13950","459","14762","14358","404","16302","15950","352","18509","18177","332","19754","19423","331","1.7","21558","21207","351","69566"
"38091","ND","Steele County, ND","8","7","8","7","1132","1104","28","1119","1093","26","1168","1143","25","1116","1084","32","1057","1027","30","1067","1038","29","1009","981","28","1002","976","26","2.6","1000","976","24","65730"
"38093","ND","Stutsman County, ND","7","8","7","8","11922","11561","361","11876","11537","339","11750","11406","344","11883","11462","421","11329","10862","467","10876","10465","411","10452","10095","357","10551","10220","331","3.1","10577","10275","302","50941"
"38095","ND","Towner County, ND","9","12","9","12","1199","1137","62","1144","1099","45","1110","1074","36","1076","1043","33","1334","1296","38","1288","1247","41","1203","1161","42","1159","1112","47","4.1","1192","1146","46","55199"
"38097","ND","Traill County, ND","8","7","8","7","4243","4090","153","4237","4096","141","4167","4029","138","4024","3864","160","4520","4350","170","4559","4391","168","4488","4346","142","4468","4337","131","2.9","4448","4325","123","57006"
"38099","ND","Walsh County, ND","6","6","6","6","5834","5564","270","5733","5492","241","5685","5438","247","5593","5320","273","6158","5841","317","5895","5595","300","5582","5305","277","5551","5271","280","5","5577","5307","270","48301"
"38101","ND","Ward County, ND","5","8","5","8","28690","27794","896","29340","28461","879","29718","28841","877","29832","28731","1101","31863","30773","1090","32768","31733","1035","34221","33324","897","34772","33832","940","2.7","34869","33927","942","56192"
"38103","ND","Wells County, ND","9","12","9","12","2195","2093","102","2132","2034","98","2113","2020","93","2040","1933","107","2212","2118","94","2193","2092","101","2112","2023","89","2100","2003","97","4.6","2118","2017","101","54251"
"38105","ND","Williams County, ND","7","8","7","8","12652","12392","260","13081","12833","248","14674","14425","249","14758","14388","370","14555","14239","316","20344","20060","284","27459","27157","302","29707","29344","363","1.2","32308","31924","384","84237"
"39000","OH","Ohio",,,,,"5945482","5624435","321047","5990292","5657718","332574","5965166","5580843","384323","5906768","5297098","609670","5846886","5247050","599836","5772420","5261833","510587","5710010","5288262","421748","5725509","5298591","426918","7.5","5719472","5391503","327969","48138"
"39001","OH","Adams County, OH","6","4","6","4","13263","12255","1008","13547","12506","1041","13185","11958","1227","13026","11116","1910","11881","9986","1895","11524","9869","1655","10774","9418","1356","10716","9354","1362","12.7","10450","9499","951","37259"
"39003","OH","Allen County, OH","3","2","3","2","52786","49569","3217","52259","48969","3290","51638","47826","3812","51347","45541","5806","52009","46442","5567","50956","46095","4861","49972","46099","3873","49600","45697","3903","7.9","48461","45688","2773","43274"
"39005","OH","Ashland County, OH","4","5","4","3","27299","25791","1508","27654","26000","1654","27190","25163","2027","27218","23813","3405","26628","23460","3168","26142","23555","2587","25821","23751","2070","25563","23513","2050","8","25599","24102","1497","48196"
"39007","OH","Ashtabula County, OH","4","3","4","3","49941","46599","3342","49729","46259","3470","49005","45083","3922","48595","42000","6595","48407","42139","6268","47571","42395","5176","46440","42071","4369","46120","41749","4371","9.5","45155","41976","3179","40899"
"39009","OH","Athens County, OH","4","5","4","3","30450","28644","1806","30610","28746","1864","30777","28723","2054","31330","28575","2755","28627","25591","3036","27841","25084","2757","27581","25241","2340","27554","25085","2469","9","27216","25357","1859","35783"
"39011","OH","Auglaize County, OH","4","5","4","5","27122","25987","1135","27156","25952","1204","26868","25405","1463","26527","23699","2828","24560","22099","2461","24113","22170","1943","23947","22470","1477","24014","22599","1415","5.9","24197","23168","1029","54010"
"39013","OH","Belmont County, OH","3","2","3","2","32755","30842","1913","32878","31038","1840","33285","31257","2028","33924","30800","3124","33462","29682","3780","32265","29196","3069","31711","29118","2593","31999","29395","2604","8.1","31752","29654","2098","39264"
"39015","OH","Brown County, OH","1","1","1","1","22075","20555","1520","21794","20381","1413","21758","20099","1659","21811","19028","2783","21125","18315","2810","20650","18206","2444","20134","18134","2000","20096","18084","2012","10","19899","18468","1431","43050"
"39017","OH","Butler County, OH","1","1","1","1","189822","179024","10798","190611","180864","9747","191057","179773","11284","189452","171172","18280","190738","171600","19138","188859","171744","17115","186425","172221","14204","186612","172734","13878","7.4","186764","176714","10050","55992"
"39019","OH","Carroll County, OH","2","2","2","2","14035","13182","853","13935","13074","861","13943","12883","1060","14124","12182","1942","14373","12504","1869","14106","12668","1438","13792","12699","1093","13726","12647","1079","7.9","13645","12828","817","44622"
"39021","OH","Champaign County, OH","6","5","6","3","20811","19749","1062","21041","19800","1241","20481","19056","1425","20290","17869","2421","19979","17673","2306","19524","17677","1847","19378","17946","1432","20055","18675","1380","6.9","19957","18964","993","48516"
"39023","OH","Clark County, OH","3","2","3","2","70943","66960","3983","71363","66921","4442","71071","66324","4747","70525","63068","7457","68266","60736","7530","67515","61115","6400","65838","60744","5094","66042","61119","4923","7.5","65345","61701","3644","44029"
"39025","OH","Clermont County, OH","1","1","1","1","105489","100086","5403","106078","100704","5374","106546","100271","6275","105666","95312","10354","104819","93967","10852","103573","94120","9453","102059","94505","7554","102671","95174","7497","7.3","102806","97335","5471","61398"
"39027","OH","Clinton County, OH","6","3","6","3","24232","23061","1171","24450","23287","1163","23409","21995","1414","21051","17945","3106","19250","15973","3277","18048","15608","2440","17288","15428","1860","17129","15341","1788","10.4","16870","15586","1284","46541"
"39029","OH","Columbiana County, OH","4","5","4","3","53486","50021","3465","53532","50208","3324","52927","49094","3833","53111","45999","7112","52880","46218","6662","51854","46583","5271","50908","46704","4204","50680","46508","4172","8.2","50048","46848","3200","41996"
"39031","OH","Coshocton County, OH","6","3","6","3","17633","16404","1229","17513","16314","1199","17172","15700","1472","17072","14762","2310","17471","15259","2212","16797","14868","1929","16211","14578","1633","16391","14790","1601","9.8","16166","14988","1178","39496"
"39033","OH","Crawford County, OH","4","5","4","3","22663","21195","1468","22347","20787","1560","21916","20017","1899","21828","18596","3232","20960","18266","2694","20797","18396","2401","20308","18470","1838","19761","17951","1810","9.2","19857","18563","1294","38421"
"39035","OH","Cuyahoga County, OH","1","1","1","1","652395","619269","33126","653686","616532","37154","644172","604178","39994","625607","571110","54497","631675","577866","53809","624555","577005","47550","621545","579137","42408","621821","577509","44312","7.1","624344","584423","39921","43653"
"39037","OH","Darke County, OH","6","5","6","5","28034","26449","1585","28313","26722","1591","27925","26125","1800","27879","24708","3171","27050","24008","3042","26648","24181","2467","26546","24644","1902","26446","24607","1839","7","26295","24932","1363","43465"
"39039","OH","Defiance County, OH","4","5","4","5","20665","19509","1156","20795","19625","1170","20647","19100","1547","20396","17513","2883","19971","17539","2432","19243","17385","1858","18983","17535","1448","18976","17558","1418","7.5","18964","17943","1021","48971"
"39041","OH","Delaware County, OH","1","1","1","1","87929","84491","3438","90447","86843","3604","92156","87875","4281","91919","85436","6483","94233","87407","6826","95177","89243","5934","95964","90989","4975","98304","93068","5236","5.3","99524","95536","3988","89016"
"39043","OH","Erie County, OH","3","2","4","3","43005","40484","2521","42673","40097","2576","42664","39548","3116","42595","37578","5017","40163","35632","4531","39798","36016","3782","38615","35537","3078","38621","35503","3118","8.1","37885","35524","2361","46495"
"39045","OH","Fairfield County, OH","1","1","1","1","74892","71278","3614","75513","71734","3779","75533","71208","4325","74973","68431","6542","74265","67429","6836","73934","68001","5933","73320","68460","4860","74204","69280","4924","6.6","74869","71092","3777","56697"
"39047","OH","Fayette County, OH","6","3","6","3","16416","15604","812","16895","16084","811","16950","15981","969","16770","14891","1879","14903","12951","1952","14363","12854","1509","14101","12945","1156","14381","13306","1075","7.5","14201","13384","817","40031"
"39049","OH","Franklin County, OH","1","1","1","1","609068","580184","28884","622081","592795","29286","624952","590436","34516","624988","571996","52992","626837","571204","55633","627243","578654","48589","630200","589717","40483","640254","599048","41206","6.4","645990","615240","30750","51456"
"39051","OH","Fulton County, OH","2","2","2","2","23518","22120","1398","23293","21825","1468","23205","21313","1892","22374","19254","3120","23144","20405","2739","22630","20452","2178","22424","20690","1734","22507","20716","1791","8","22301","20997","1304","51454"
"39053","OH","Gallia County, OH","6","5","6","5","14731","13827","904","14506","13608","898","14134","13207","927","14162","12813","1349","13585","11981","1604","13033","11570","1463","12646","11426","1220","12528","11327","1201","9.6","12415","11480","935","39447"
"39055","OH","Geauga County, OH","1","1","1","1","51232","49176","2056","51658","49313","2345","51190","48637","2553","51956","48374","3582","48975","45609","3366","48750","45799","2951","49034","46391","2643","49212","46364","2848","5.8","49400","46866","2534","69078"
"39057","OH","Greene County, OH","2","2","2","2","78300","74308","3992","79675","75499","4176","81005","75988","5017","80186","72361","7825","82080","74255","7825","81807","75028","6779","80662","75084","5578","79592","74036","5556","7","79466","75344","4122","60093"
"39059","OH","Guernsey County, OH","6","5","6","5","19852","18556","1296","19889","18613","1276","19589","17904","1685","19486","17113","2373","18856","16452","2404","18471","16471","2000","18228","16595","1633","18577","16976","1601","8.6","18865","17607","1258","39760"
"39061","OH","Hamilton County, OH","1","1","1","1","426496","404843","21653","437604","415449","22155","438951","414088","24863","432467","393288","39179","413738","372982","40756","407452","371335","36117","401982","372427","29555","403166","373929","29237","7.3","404116","382545","21571","47123"
"39063","OH","Hancock County, OH","4","5","4","5","41276","39446","1830","41600","39728","1872","40861","38454","2407","39965","35793","4172","40457","36778","3679","40066","36951","3115","39794","37249","2545","40287","37784","2503","6.2","40601","38812","1789","48729"
"39065","OH","Hardin County, OH","6","6","6","6","15951","15056","895","15806","14863","943","15033","13951","1082","15080","13231","1849","15479","13745","1734","15102","13659","1443","14892","13779","1113","14967","13814","1153","7.7","15172","14323","849","42474"
"39067","OH","Harrison County, OH","6","6","6","6","7455","7007","448","7417","6956","461","7340","6812","528","7293","6442","851","7241","6337","904","7025","6276","749","6976","6378","598","7305","6727","578","7.9","7380","6941","439","40343"
"39069","OH","Henry County, OH","6","6","6","6","16149","15170","979","15931","14929","1002","15696","14447","1249","15709","13579","2130","14635","12725","1910","14392","12853","1539","14113","12885","1228","14041","12816","1225","8.7","13737","12872","865","51105"
"39071","OH","Highland County, OH","6","4","6","4","21544","20336","1208","21567","20287","1280","20651","19120","1531","20552","17362","3190","19185","15869","3316","18110","15671","2439","17611","15774","1837","17539","15709","1830","10.4","17263","15945","1318","40419"
"39073","OH","Hocking County, OH","6","4","1","1","14086","13211","875","14229","13321","908","14229","13143","1086","14270","12652","1618","14036","12399","1637","13801","12427","1374","13546","12429","1117","13227","12157","1070","8.1","13314","12479","835","42376"
"39075","OH","Holmes County, OH","7","9","7","9","19446","18702","744","19739","18942","797","19425","18471","954","19186","17667","1519","19295","17819","1476","19588","18350","1238","19748","18734","1014","20090","19043","1047","5.2","19839","19062","777","49118"
"39077","OH","Huron County, OH","4","5","4","3","30156","27926","2230","29739","27327","2412","29024","26184","2840","28765","24232","4533","30287","26289","3998","29708","26322","3386","28958","26084","2874","28734","25788","2946","10.3","27872","25661","2211","44825"
"39079","OH","Jackson County, OH","7","9","7","8","16042","14845","1197","15922","14658","1264","15265","13969","1296","15421","13673","1748","14300","12513","1787","13967","12310","1657","13717","12303","1414","13619","12201","1418","10.4","13209","12074","1135","37823"
"39081","OH","Jefferson County, OH","3","2","3","2","31741","29538","2203","32008","29969","2039","32856","30542","2314","32809","28768","4041","33335","28517","4818","32002","28150","3852","31259","27870","3389","30653","27330","3323","10.8","29840","27453","2387","38074"
"39083","OH","Knox County, OH","4","3","4","3","30667","29114","1553","31128","29451","1677","30198","28258","1940","29987","27039","2948","30913","27924","2989","30502","27834","2668","30149","28053","2096","30454","28357","2097","6.9","31071","29450","1621","47053"
"39085","OH","Lake County, OH","1","1","1","1","131566","125854","5712","133810","127339","6471","133375","126301","7074","132148","121566","10582","126272","116301","9971","125388","116846","8542","125000","117487","7513","125599","117629","7970","6.3","126134","119012","7122","55477"
"39087","OH","Lawrence County, OH","2","2","2","2","29158","27616","1542","29601","28052","1549","29399","27794","1605","29156","26740","2416","27703","24854","2849","27066","24512","2554","26486","24256","2230","26142","23885","2257","8.6","25783","24100","1683","41137"
"39089","OH","Licking County, OH","1","1","1","1","83022","78759","4263","83633","79207","4426","83686","78494","5192","82964","75014","7950","87551","79133","8418","86827","79531","7296","86028","80204","5824","86682","80690","5992","6.9","87242","82779","4463","54909"
"39091","OH","Logan County, OH","4","3","6","3","24971","23804","1167","25324","24067","1257","25299","23773","1526","24625","21673","2952","23346","20589","2757","22849","20616","2233","22595","20984","1611","23088","21517","1571","6.8","23097","21959","1138","50077"
"39093","OH","Lorain County, OH","1","1","1","1","157117","148919","8198","159594","150486","9108","160099","149893","10206","158356","143227","15129","151082","137293","13789","149992","138217","11775","149745","139112","10633","151023","139689","11334","7.5","151304","141306","9998","52762"
"39095","OH","Lucas County, OH","2","2","2","2","226280","211928","14352","224338","209175","15163","222286","203962","18324","221862","194268","27594","217424","192330","25094","213364","192231","21133","210436","192879","17557","211180","192889","18291","8.7","209116","195878","13238","40751"
"39097","OH","Madison County, OH","1","1","1","1","20078","19019","1059","20097","19043","1054","20202","18947","1255","20235","18311","1924","20665","18800","1865","20339","18719","1620","20094","18805","1289","20283","19011","1272","6.3","20432","19476","956","54039"
"39099","OH","Mahoning County, OH","2","2","2","2","120024","112304","7720","117091","109793","7298","115824","107545","8279","115543","101026","14517","115100","101612","13488","112946","101838","11108","110706","101537","9169","109743","100426","9317","8.5","108098","100981","7117","41076"
"39101","OH","Marion County, OH","4","3","4","3","32431","30675","1756","32970","31165","1805","32555","30274","2281","31589","27963","3626","30255","26938","3317","29579","26656","2923","28882","26601","2281","28189","25968","2221","7.9","27876","26227","1649","42862"
"39103","OH","Medina County, OH","1","1","1","1","94369","90314","4055","96074","91442","4632","96274","91183","5091","95582","88179","7403","94041","87055","6986","93953","87972","5981","94002","88780","5222","94932","89367","5565","5.9","95308","90392","4916","66720"
"39105","OH","Meigs County, OH","6","6","6","6","9189","8418","771","9274","8446","828","9143","8225","918","9383","7984","1399","10050","8580","1470","9814","8522","1292","9505","8406","1099","9433","8315","1118","11.9","9138","8319","819","40023"
"39107","OH","Mercer County, OH","7","8","7","8","24198","23290","908","24591","23648","943","24713","23497","1216","24331","22149","2182","22324","20435","1889","22175","20678","1497","22127","21004","1123","22441","21296","1145","5.1","22654","21803","851","55110"
"39109","OH","Miami County, OH","2","2","2","2","55727","52706","3021","55278","52280","2998","54648","51145","3503","55116","48592","6524","54400","48365","6035","53447","48573","4874","52299","48521","3778","51960","48231","3729","7.2","51844","49085","2759","51892"
"39111","OH","Monroe County, OH","8","6","8","7","5169","4592","577","5571","5116","455","5710","5222","488","5664","4943","721","6675","5858","817","6601","5947","654","6500","5948","552","6510","5849","661","10.2","5964","5318","646","41000"
"39113","OH","Montgomery County, OH","2","2","2","2","272814","256344","16470","271298","254523","16775","267232","247269","19963","264387","233627","30760","265355","235205","30150","260090","234771","25319","254519","233627","20892","251790","230991","20799","8.3","250307","235201","15106","43103"
"39115","OH","Morgan County, OH","6","7","6","4","5754","5228","526","5757","5220","537","5811","5216","595","6004","5128","876","6865","5949","916","6788","6014","774","6703","6036","667","6711","6030","681","10.1","6691","6172","519","36057"
"39117","OH","Morrow County, OH","1","1","1","1","17968","16946","1022","18013","16963","1050","17970","16701","1269","17985","15968","2017","17309","15334","1975","17129","15398","1731","16885","15524","1361","16909","15575","1334","7.9","16948","15971","977","49980"
"39119","OH","Muskingum County, OH","4","3","4","3","39321","36499","2822","39097","36062","3035","38401","35078","3323","38658","33766","4892","41656","36417","5239","41322","36801","4521","40393","36665","3728","40078","36391","3687","9.2","39208","36454","2754","40399"
"39121","OH","Noble County, OH","6","7","7","10","5886","5462","424","5830","5399","431","5835","5336","499","5863","5011","852","5223","4387","836","4989","4322","667","4781","4254","527","5300","4790","510","9.6","5085","4699","386","42425"
"39123","OH","Ottawa County, OH","2","2","4","5","21956","20427","1529","21764","20195","1569","21529","19631","1898","20792","17822","2970","22678","19881","2797","22473","19982","2491","21995","19900","2095","22017","19882","2135","9.7","21775","20154","1621","51787"
"39125","OH","Paulding County, OH","6","6","6","6","10626","10105","521","10970","10423","547","10790","10021","769","10426","8980","1446","9696","8477","1219","9456","8533","923","9204","8504","700","9033","8351","682","7.6","9097","8610","487","46921"
"39127","OH","Perry County, OH","6","4","1","1","16613","15384","1229","16449","15243","1206","16382","14986","1396","16778","14518","2260","16646","14414","2232","16423","14521","1902","16085","14515","1570","16101","14560","1541","9.6","16087","14936","1151","41586"
"39129","OH","Pickaway County, OH","1","1","1","1","24347","22932","1415","24536","23048","1488","24810","23044","1766","24742","21992","2750","26100","23338","2762","25884","23500","2384","25708","23785","1923","25735","23836","1899","7.4","25879","24441","1438","52666"
"39131","OH","Pike County, OH","7","9","7","9","10776","9820","956","10922","9887","1035","10857","9754","1103","11089","9393","1696","11586","9868","1718","11034","9354","1680","10570","9190","1380","10791","9472","1319","12.2","10448","9508","940","41092"
"39133","OH","Portage County, OH","2","2","2","2","90460","85793","4667","92197","87293","4904","92880","87062","5818","92179","82809","9370","90710","81357","9353","89357","81444","7913","87951","81564","6387","87883","81137","6746","7.7","87776","82669","5107","52576"
"39135","OH","Preble County, OH","2","2","6","4","22117","20794","1323","21688","20437","1251","21422","19938","1484","21450","18811","2639","22383","19917","2466","21722","19644","2078","21481","19816","1665","21363","19744","1619","7.6","21283","20086","1197","47251"
"39137","OH","Putnam County, OH","6","6","6","6","17922","17078","844","18282","17406","876","18447","17381","1066","18221","16273","1948","19332","17531","1801","19253","17815","1438","18795","17703","1092","18858","17724","1134","6","18680","17841","839","60562"
"39139","OH","Richland County, OH","3","2","3","2","62722","58914","3808","62590","58534","4056","62349","57713","4636","61604","53646","7958","59079","51908","7171","58134","51951","6183","55868","50998","4870","55057","50328","4729","8.6","54719","51216","3503","40210"
"39141","OH","Ross County, OH","4","3","4","3","34901","32720","2181","35056","32642","2414","34685","31931","2754","34905","30651","4254","34084","30016","4068","34315","30893","3422","34046","31183","2863","33574","30663","2911","8.7","33661","31531","2130","42730"
"39143","OH","Sandusky County, OH","4","5","4","5","33456","31527","1929","33950","31887","2063","33318","30917","2401","32992","28972","4020","33204","29627","3577","32711","29715","2996","31761","29374","2387","31623","29240","2383","7.5","31203","29446","1757","46800"
"39145","OH","Scioto County, OH","4","5","4","5","31395","29007","2388","32298","29898","2400","32526","29811","2715","32713","28620","4093","32608","28260","4348","31824","27836","3988","31084","27573","3511","30415","26791","3624","11.9","29928","27336","2592","36682"
"39147","OH","Seneca County, OH","4","5","4","5","31487","29827","1660","31225","29440","1785","30486","28333","2153","30487","26600","3887","29460","25942","3518","28802","26023","2779","27785","25580","2205","27465","25343","2122","7.7","27289","25759","1530","47121"
"39149","OH","Shelby County, OH","4","5","4","5","28333","27126","1207","28444","27077","1367","27607","25897","1710","26464","22822","3642","24971","21866","3105","24236","21890","2346","23825","22102","1723","23806","22220","1586","6.7","23709","22518","1191","51529"
"39151","OH","Stark County, OH","2","2","2","2","190175","179113","11062","192111","180927","11184","192019","179027","12992","190557","168800","21757","191869","170218","21651","189189","171516","17673","187911","173863","14048","189474","175146","14328","7.6","188619","177868","10751","45199"
"39153","OH","Summit County, OH","2","2","2","2","295022","279340","15682","297444","281395","16049","298291","279954","18337","292933","263600","29333","281497","251683","29814","276502","251410","25092","272272","252048","20224","271640","251058","20582","7.6","271591","255872","15719","49353"
"39155","OH","Trumbull County, OH","2","2","2","2","106095","99440","6655","106325","99690","6635","105582","97654","7928","106546","91710","14836","99834","86624","13210","97419","87013","10406","95234","86701","8533","94547","85907","8640","9.1","92919","86387","6532","41951"
"39157","OH","Tuscarawas County, OH","4","5","4","5","48135","45693","2442","48239","45658","2581","47837","44847","2990","47129","41790","5339","46070","40889","5181","45389","41179","4210","44963","41674","3289","45134","41864","3270","7.2","45247","42787","2460","44121"
"39159","OH","Union County, OH","1","1","1","1","25219","24070","1149","25475","24373","1102","25897","24544","1353","25896","23672","2224","26657","24421","2236","26719","24801","1918","26338","24822","1516","26686","25133","1553","5.8","26913","25743","1170","68650"
"39161","OH","Van Wert County, OH","6","5","6","5","15614","14852","762","15584","14726","858","15407","14099","1308","15172","12907","2265","14954","13147","1807","14539","13185","1354","14157","13085","1072","14244","13253","991","7","14429","13732","697","47169"
"39163","OH","Vinton County, OH","9","10","8","4","5727","5273","454","5895","5432","463","5720","5194","526","5728","4970","758","5797","5015","782","5733","5049","684","5550","4949","601","5590","4995","595","10.6","5543","5106","437","37842"
"39165","OH","Warren County, OH","1","1","1","1","106991","101704","5287","108163","103190","4973","109239","103225","6014","108917","99213","9704","110115","100188","9927","109554","100944","8610","109039","101952","7087","110098","103005","7093","6.4","110718","105358","5360","75041"
"39167","OH","Washington County, OH","3","2","4","5","33047","31308","1739","33179","31462","1717","33063","31249","1814","32872","29721","3151","29799","26397","3402","28986","26116","2870","28356","25960","2396","28357","25986","2371","8.4","28195","26445","1750","41236"
"39169","OH","Wayne County, OH","4","3","4","3","60193","57394","2799","60204","57299","2905","59427","56039","3388","58035","52193","5842","60131","54546","5585","59187","54641","4546","59065","55444","3621","59456","55753","3703","6.2","59250","56534","2716","49580"
"39171","OH","Williams County, OH","7","9","6","6","19881","18696","1185","19786","18591","1195","19903","18370","1533","20109","16912","3197","19538","16967","2571","18929","16891","2038","18858","17367","1491","18698","17303","1395","7.5","18779","17766","1013","45510"
"39173","OH","Wood County, OH","2","2","2","2","69042","65433","3609","69423","65714","3709","68912","64258","4654","65711","58180","7531","68548","61753","6795","68366","62681","5685","68689","63966","4723","69254","64387","4867","7","68919","65363","3556","52578"
"39175","OH","Wyandot County, OH","7","9","7","9","12359","11626","733","12245","11448","797","11453","10549","904","11177","9605","1572","12178","10824","1354","12120","10999","1121","12146","11306","840","12392","11603","789","6.4","12473","11933","540","46568"
"40000","OK","Oklahoma",,,,,"1715794","1647098","68696","1726259","1655490","70769","1746466","1681081","65385","1764432","1652023","112409","1768284","1648138","120146","1773880","1669281","104599","1799898","1705123","94775","1803215","1706785","96430","5.3","1784035","1703832","80203","45724"
"40001","OK","Adair County, OK","6","6","6","6","10400","9944","456","10876","10360","516","10849","10315","534","11166","10273","893","8906","7969","937","8838","8043","795","8466","7708","758","8235","7457","778","9.4","8052","7439","613","31997"
"40003","OK","Alfalfa County, OK","9","10","9","10","2277","2181","96","2329","2227","102","2479","2402","77","2532","2410","122","2497","2375","122","2560","2455","105","2913","2829","84","2936","2839","97","3.3","3046","2969","77","50190"
"40005","OK","Atoka County, OK","7","9","9","9","5692","5418","274","5914","5593","321","6046","5766","280","6256","5741","515","5113","4601","512","5009","4587","422","4987","4653","334","4916","4575","341","6.9","4776","4484","292","34973"
"40007","OK","Beaver County, OK","9","10","9","10","2941","2863","78","3083","3001","82","3263","3196","67","3329","3214","115","2889","2774","115","2954","2847","107","3122","3028","94","3028","2924","104","3.4","3136","3050","86","55279"
"40009","OK","Beckham County, OK","7","11","7","8","10405","10129","276","11609","11328","281","12476","12187","289","12117","11407","710","10339","9743","596","11342","10923","419","12532","12151","381","12597","12178","419","3.3","12588","12230","358","49578"
"40011","OK","Blaine County, OK","6","4","6","4","4840","4640","200","4943","4734","209","4995","4813","182","4998","4718","280","4473","4186","287","4359","4125","234","4370","4197","173","4322","4146","176","4.1","4478","4323","155","41276"
"40013","OK","Bryan County, OK","6","5","6","5","20169","19459","710","20677","19953","724","20342","19640","702","20568","19495","1073","18504","17362","1142","17520","16480","1040","17591","16643","948","17751","16770","981","5.5","17710","16847","863","36601"
"40015","OK","Caddo County, OK","6","4","6","4","11734","11088","646","11938","11345","593","12480","11972","508","12922","12125","797","11833","11011","822","11623","10800","823","11679","10986","693","11388","10668","720","6.3","10979","10377","602","37298"
"40017","OK","Canadian County, OK","1","1","1","1","51392","49638","1754","50999","49067","1932","52070","50300","1770","53337","50379","2958","60083","56985","3098","61557","58858","2699","63389","60903","2486","64800","62097","2703","4.2","64407","62110","2297","63889"
"40019","OK","Carter County, OK","5","8","5","8","24135","23223","912","25602","24729","873","26779","25910","869","28565","26984","1581","21187","19683","1504","21656","20274","1382","21892","20677","1215","22051","20863","1188","5.4","21761","20787","974","43030"
"40021","OK","Cherokee County, OK","6","5","6","5","21461","20569","892","23189","22247","942","22918","22047","871","24711","23384","1327","19464","17975","1489","19229","17845","1384","18925","17609","1316","18740","17429","1311","7","18297","17207","1090","36643"
"40023","OK","Choctaw County, OK","7","9","7","9","6712","6382","330","6841","6478","363","6913","6560","353","7297","6785","512","6123","5566","557","6025","5489","536","5813","5329","484","5967","5468","499","8.4","5723","5258","465","30972"
"40025","OK","Cimarron County, OK","9","10","9","10","1271","1229","42","1262","1214","48","1250","1213","37","1289","1241","48","1457","1406","51","1371","1325","46","1289","1247","42","1234","1193","41","3.3","1277","1240","37","39617"
"40027","OK","Cleveland County, OK","1","1","1","1","117495","113419","4076","117837","113477","4360","119236","115154","4082","120212","113806","6406","131125","124196","6929","133262","127195","6067","136064","130407","5657","137121","131180","5941","4.3","135994","131024","4970","54865"
"40029","OK","Coal County, OK","9","10","9","10","2361","2224","137","2499","2344","155","2494","2372","122","2634","2409","225","2294","2085","209","2352","2155","197","2362","2195","167","2253","2082","171","7.6","2281","2125","156","35538"
"40031","OK","Comanche County, OK","3","2","3","2","45351","43492","1859","44888","42939","1949","45904","44154","1750","47619","45136","2483","51497","48534","2963","50725","47812","2913","50759","47729","3030","50162","47226","2936","5.9","48746","46424","2322","42733"
"40033","OK","Cotton County, OK","6","6","3","2","3327","3220","107","3964","3858","106","3892","3783","109","3613","3453","160","3009","2808","201","2917","2739","178","2880","2717","163","2865","2701","164","5.7","2821","2691","130","40608"
"40035","OK","Craig County, OK","6","6","6","6","6804","6517","287","7404","7063","341","7427","7142","285","7546","7124","422","6591","6150","441","6351","5950","401","6352","5992","360","6250","5839","411","6.6","5999","5664","335","36932"
"40037","OK","Creek County, OK","2","2","2","2","31601","30279","1322","30982","29624","1358","31216","29889","1327","31142","28664","2478","31807","29076","2731","31334","29120","2214","31551","29640","1911","31274","29365","1909","6.1","30954","29411","1543","44608"
"40039","OK","Custer County, OK","7","11","7","8","13761","13349","412","14502","14061","441","14755","14362","393","15372","14663","709","14155","13426","729","15189","14578","611","15656","15096","560","16028","15430","598","3.7","15823","15331","492","47399"
"40041","OK","Delaware County, OK","6","6","6","6","17385","16605","780","18393","17552","841","18923","18131","792","19663","18394","1269","17181","15810","1371","17318","16089","1229","17090","15972","1118","17001","15816","1185","7","16917","15935","982","36225"
"40043","OK","Dewey County, OK","9","10","9","10","2401","2328","73","2450","2375","75","2638","2575","63","2747","2628","119","2310","2189","121","2471","2375","96","2377","2301","76","2597","2505","92","3.5","2376","2301","75","49308"
"40045","OK","Ellis County, OK","9","10","9","10","2212","2153","59","2375","2316","59","2538","2483","55","2467","2354","113","2061","1951","110","2114","2034","80","2276","2211","65","2334","2260","74","3.2","2342","2271","71","49804"
"40047","OK","Garfield County, OK","5","8","5","8","29311","28423","888","30294","29405","889","31529","30718","811","32040","30642","1398","28519","26947","1572","28838","27560","1278","29490","28289","1201","29452","28224","1228","4.2","29313","28265","1048","47961"
"40049","OK","Garvin County, OK","6","4","6","4","13600","13113","487","14506","14031","475","14874","14424","450","15162","14304","858","12162","11248","914","12202","11500","702","12498","11875","623","12463","11834","629","5","12553","12041","512","38414"
"40051","OK","Grady County, OK","1","1","1","1","23596","22448","1148","22769","21768","1001","22887","21979","908","23190","21536","1654","25401","23741","1660","25303","23955","1348","25532","24308","1224","25549","24316","1233","4.8","25415","24403","1012","48671"
"40053","OK","Grant County, OK","9","10","9","10","2382","2295","87","2539","2457","82","2602","2537","65","2688","2587","101","2573","2458","115","2546","2451","95","2647","2556","91","2662","2572","90","3.4","2774","2699","75","51119"
"40055","OK","Greer County, OK","7","9","7","9","2071","1971","100","2002","1904","98","2039","1950","89","2097","1936","161","2191","2023","168","2147","2009","138","2073","1960","113","2001","1891","110","5.5","2032","1936","96","34806"
"40057","OK","Harmon County, OK","9","10","9","10","1430","1380","50","1338","1292","46","1334","1289","45","1381","1307","74","1314","1237","77","1320","1249","71","1412","1346","66","1350","1291","59","4.4","1281","1229","52","31707"
"40059","OK","Harper County, OK","9","10","9","10","1835","1779","56","1878","1825","53","2044","1998","46","2061","1980","81","1866","1782","84","1870","1801","69","1916","1855","61","1920","1855","65","3.4","1958","1903","55","45395"
"40061","OK","Haskell County, OK","6","6","6","6","5436","5209","227","5651","5422","229","5961","5738","223","6174","5700","474","4789","4321","468","4674","4265","409","4602","4203","399","4459","4063","396","8.9","4311","4001","310","35045"
"40063","OK","Hughes County, OK","7","9","7","9","5071","4764","307","4858","4561","297","5093","4819","274","5763","5178","585","5572","4964","608","5477","4964","513","5765","5301","464","5746","5280","466","8.1","5631","5236","395","34656"
"40065","OK","Jackson County, OK","5","8","7","8","12465","12051","414","12580","12153","427","12358","11964","394","12252","11639","613","11466","10787","679","11355","10733","622","11060","10491","569","10836","10246","590","5.4","10536","10074","462","41147"
"40067","OK","Jefferson County, OK","8","7","8","7","2345","2243","102","2354","2238","116","2399","2297","102","2543","2333","210","2681","2479","202","2661","2498","163","2600","2471","129","2585","2446","139","5.4","2574","2453","121","31916"
"40069","OK","Johnston County, OK","7","9","9","9","4973","4761","212","5097","4878","219","5177","4954","223","5249","4858","391","3747","3359","388","3710","3399","311","3637","3360","277","3584","3294","290","8.1","3562","3313","249","35171"
"40071","OK","Kay County, OK","5","8","5","8","21891","20845","1046","22926","21962","964","23917","23078","839","23646","21887","1759","20938","19007","1931","20635","19052","1583","20246","18828","1418","19992","18607","1385","6.9","19196","18105","1091","41098"
"40073","OK","Kingfisher County, OK","6","4","6","4","7975","7756","219","8357","8137","220","8529","8329","200","7773","7430","343","7380","7006","374","7584","7290","294","7686","7428","258","7790","7517","273","3.5","7866","7622","244","54982"
"40075","OK","Kiowa County, OK","6","6","6","6","3919","3736","183","3963","3789","174","4037","3884","153","4149","3892","257","4316","4056","260","4271","4050","221","4266","4064","202","4152","3947","205","4.9","4021","3856","165","34611"
"40077","OK","Latimer County, OK","7","9","7","9","4116","3911","205","4210","4000","210","4692","4489","203","4485","4005","480","4574","4115","459","4440","3997","443","4547","4158","389","4152","3777","375","9","3964","3666","298","36177"
"40079","OK","Le Flore County, OK","2","2","2","2","21697","20595","1102","21178","20003","1175","20859","19766","1093","20818","18784","2034","20766","18804","1962","20151","18350","1801","20086","18339","1747","19812","18008","1804","9.1","19283","17942","1341","35122"
"40081","OK","Lincoln County, OK","1","1","1","1","14530","13933","597","13908","13323","585","13836","13285","551","13868","12889","979","15657","14635","1022","15520","14666","854","15538","14760","778","15478","14671","807","5.2","15430","14731","699","42378"
"40083","OK","Logan County, OK","1","1","1","1","17795","17137","658","16991","16336","655","17735","17096","639","18107","17084","1023","19805","18684","1121","20223","19238","985","20574","19670","904","20762","19806","956","4.6","20674","19846","828","57490"
"40085","OK","Love County, OK","9","8","9","9","4840","4672","168","5098","4940","158","5311","5157","154","5603","5314","289","4772","4500","272","4917","4670","247","5104","4887","217","5254","5022","232","4.4","5345","5150","195","46154"
"40087","OK","McClain County, OK","1","1","1","1","14820","14278","542","14734","14172","562","14956","14413","543","15172","14310","862","17180","16223","957","17266","16450","816","17549","16811","738","17839","17050","789","4.4","17798","17138","660","57784"
"40089","OK","McCurtain County, OK","7","11","7","11","13970","13113","857","13853","12967","886","14133","13194","939","14761","13220","1541","14544","12882","1662","14764","13253","1511","14438","13065","1373","14335","12992","1343","9.4","14156","13030","1126","31319"
"40091","OK","McIntosh County, OK","6","6","6","6","8247","7824","423","8498","8037","461","8593","8180","413","8914","8207","707","7403","6592","811","7387","6614","773","7392","6661","731","7366","6669","697","9.5","6969","6349","620","38094"
"40093","OK","Major County, OK","9","9","9","9","3834","3727","107","3967","3857","110","4296","4195","101","4335","4142","193","3941","3743","198","4053","3891","162","4069","3925","144","4132","3991","141","3.4","4324","4210","114","52226"
"40095","OK","Marshall County, OK","6","6","6","6","6288","6030","258","6379","6102","277","6559","6294","265","6564","6032","532","6512","6043","469","6691","6288","403","6807","6408","399","6962","6555","407","5.8","6895","6563","332","38055"
"40097","OK","Mayes County, OK","6","6","6","6","17274","16541","733","18255","17468","787","18542","17757","785","18502","16929","1573","18110","16516","1594","18157","16777","1380","18460","17326","1134","18871","17764","1107","5.9","18554","17638","916","41142"
"40099","OK","Murray County, OK","7","9","7","9","7750","7517","233","8113","7881","232","8527","8300","227","9250","8860","390","6319","5929","390","6488","6168","320","6668","6359","309","6479","6149","330","5.1","6485","6212","273","49816"
"40101","OK","Muskogee County, OK","4","5","4","5","29279","27783","1496","29586","27955","1631","29724","28319","1405","31039","28697","2342","29871","27410","2461","29910","27694","2216","30072","28047","2025","29736","27789","1947","6.5","28988","27310","1678","38574"
"40103","OK","Noble County, OK","6","4","6","4","5654","5457","197","5932","5732","200","5759","5571","188","5903","5449","454","5249","4894","355","5342","5069","273","5484","5241","243","5476","5231","245","4.5","5505","5303","202","47028"
"40105","OK","Nowata County, OK","6","6","6","6","4786","4568","218","4912","4668","244","5027","4811","216","5225","4770","455","4905","4449","456","4911","4520","391","4909","4574","335","4824","4494","330","6.8","4739","4449","290","40563"
"40107","OK","Okfuskee County, OK","6","6","6","4","4479","4234","245","4665","4434","231","4596","4405","191","4804","4416","388","4354","3928","426","4422","4044","378","4405","4069","336","4423","4110","313","7.1","4455","4188","267","34982"
"40109","OK","Oklahoma County, OK","1","1","1","1","328518","314706","13812","323354","309044","14310","324124","311404","12720","325899","305990","19909","354254","332486","21768","357689","338625","19064","365144","347558","17586","368797","350710","18087","4.9","365832","350480","15352","45988"
"40111","OK","Okmulgee County, OK","2","2","2","2","16548","15642","906","16063","15177","886","15956","15117","839","15877","14437","1440","16887","15235","1652","16550","15052","1498","16537","15208","1329","16269","15017","1252","7.7","16152","15063","1089","36588"
"40113","OK","Osage County, OK","2","2","2","2","20576","19727","849","20153","19310","843","20095","19259","836","19661","18182","1479","21250","19601","1649","21277","19834","1443","21309","20041","1268","21141","19884","1257","5.9","21013","19930","1083","49999"
"40115","OK","Ottawa County, OK","6","5","6","5","16504","15737","767","16941","16105","836","17833","17082","751","18667","17508","1159","14559","13386","1173","14306","13241","1065","14514","13397","1117","14132","13004","1128","8","13663","12758","905","35921"
"40117","OK","Pawnee County, OK","2","2","2","2","7681","7364","317","7376","7042","334","7295","6969","326","7314","6689","625","7675","6975","700","7615","7014","601","7493","6998","495","7395","6941","454","6.1","7365","6976","389","42967"
"40119","OK","Payne County, OK","4","5","4","3","35561","34276","1285","37680","36285","1395","35070","33687","1383","35291","33145","2146","36872","34758","2114","36846","35006","1840","37848","36062","1786","37561","35876","1685","4.5","38126","36706","1420","39609"
"40121","OK","Pittsburg County, OK","5","8","5","8","21424","20556","868","22653","21777","876","23856","23090","766","23615","22159","1456","18930","17385","1545","19042","17662","1380","18980","17676","1304","17995","16674","1321","7.3","16989","15949","1040","41105"
"40123","OK","Pontotoc County, OK","7","8","7","8","20081","19367","714","20008","19289","719","20294","19652","642","20817","19694","1123","17733","16637","1096","18135","17150","985","18240","17309","931","17780","16795","985","5.5","17619","16850","769","40479"
"40125","OK","Pottawatomie County, OK","4","3","4","3","31979","30567","1412","32774","31409","1365","33003","31730","1273","33761","31635","2126","30998","28845","2153","31374","29506","1868","32000","30297","1703","32143","30368","1775","5.5","31853","30342","1511","44405"
"40127","OK","Pushmataha County, OK","9","11","9","12","5512","5277","235","5226","4969","257","5253","5000","253","5537","5078","459","4984","4495","489","4949","4526","423","4852","4504","348","4712","4291","421","8.9","4680","4335","345","32352"
"40129","OK","Roger Mills County, OK","9","12","9","10","1791","1744","47","1869","1818","51","1943","1898","45","1943","1856","87","1797","1715","82","1903","1842","61","2102","2042","60","1879","1818","61","3.2","1777","1726","51","53962"
"40131","OK","Rogers County, OK","2","2","2","2","40320","38843","1477","39870","38352","1518","40243","38831","1412","40405","37610","2795","43377","40402","2975","43109","40616","2493","43742","41551","2191","43858","41593","2265","5.2","43412","41586","1826","55865"
"40133","OK","Seminole County, OK","7","9","7","9","10296","9712","584","10568","9991","577","11033","10538","495","11155","10198","957","9927","8974","953","9973","9148","825","9973","9197","776","9737","8942","795","8.2","9452","8809","643","34731"
"40135","OK","Sequoyah County, OK","2","2","2","2","18381","17385","996","17912","16872","1040","17693","16646","1047","17613","15937","1676","18100","16363","1737","17500","15879","1621","17220","15769","1451","16914","15453","1461","8.6","16566","15405","1161","33912"
"40137","OK","Stephens County, OK","4","5","4","3","20861","20137","724","21561","20776","785","22202","21435","767","22197","20552","1645","19981","18420","1561","20409","19224","1185","20545","19533","1012","20622","19492","1130","5.5","19958","19048","910","45607"
"40139","OK","Texas County, OK","7","8","7","8","9095","8792","303","9376","9081","295","9752","9486","266","7689","7291","398","8600","8181","419","8842","8452","390","8971","8596","375","9295","8882","413","4.4","9281","8935","346","46914"
"40141","OK","Tillman County, OK","6","6","6","6","3485","3336","149","3456","3295","161","3521","3377","144","3567","3318","249","3407","3195","212","3357","3161","196","3408","3243","165","3371","3187","184","5.5","3271","3117","154","35054"
"40143","OK","Tulsa County, OK","2","2","2","2","293841","282712","11129","291603","280376","11227","293722","283155","10567","293653","274468","19185","306671","285120","21551","304372","285804","18568","309385","293331","16054","311263","295170","16093","5.2","308610","295315","13295","48082"
"40145","OK","Wagoner County, OK","2","2","2","2","32728","31542","1186","32564","31324","1240","33266","32065","1201","33375","31202","2173","35268","32877","2391","35174","33086","2088","35947","34065","1882","35954","34106","1848","5.1","35639","34131","1508","53098"
"40147","OK","Washington County, OK","4","5","4","5","25571","24692","879","26923","25994","929","27426","26590","836","28235","26691","1544","24142","22522","1620","24219","22827","1392","24548","23359","1189","24645","23441","1204","4.9","24277","23241","1036","46836"
"40149","OK","Washita County, OK","7","11","7","9","5795","5607","188","5957","5777","180","6140","5974","166","6305","5952","353","5459","5127","332","5515","5267","248","5638","5413","225","5579","5342","237","4.2","5576","5383","193","46742"
"40151","OK","Woods County, OK","7","11","7","9","4276","4042","234","4424","4163","261","4343","4221","122","4570","4378","192","4289","4107","182","4493","4338","155","5065","4923","142","5143","4974","169","3.3","5193","5052","141","48583"
"40153","OK","Woodward County, OK","7","8","7","8","11190","10893","297","12002","11686","316","12604","12322","282","11673","10952","721","9355","8710","645","9923","9462","461","10572","10200","372","10739","10354","385","3.6","10671","10342","329","54158"
"41000","OR","Oregon",,,,,"1885385","1785044","100341","1921766","1822772","98994","1955121","1827352","127769","1976638","1753682","222956","1984039","1773076","210963","1991325","1802477","188848","1953631","1781391","172240","1911207","1761021","150186","7.9","1942025","1807069","134956","50228"
"41001","OR","Baker County, OR","7","9","7","11","7215","6757","458","7292","6870","422","7442","6910","532","7628","6836","792","7361","6606","755","7303","6517","786","7092","6349","743","6802","6153","649","9.5","6742","6166","576","42200"
"41003","OR","Benton County, OR","3","2","3","2","42034","40070","1964","42323","40576","1747","43100","41076","2024","43653","40175","3478","45075","41873","3202","45900","42975","2925","44972","42277","2695","43509","41005","2504","5.8","44024","41683","2341","50714"
"41005","OR","Clackamas County, OR","1","1","1","1","194473","185211","9262","196402","187434","8968","200201","188750","11451","202261","181250","21011","202654","182280","20374","203870","185857","18013","200473","184350","16123","196977","183083","13894","7.1","200522","187921","12601","66514"
"41007","OR","Clatsop County, OR","4","3","4","3","19151","18195","956","19891","18962","929","20373","19302","1071","20725","18831","1894","19078","17174","1904","18992","17226","1766","18521","16924","1597","17860","16500","1360","7.6","18118","16913","1205","43048"
"41009","OR","Columbia County, OR","1","1","1","1","23671","22321","1350","23745","22391","1354","24202","22480","1722","24640","21355","3285","23649","20599","3050","23531","20884","2647","22910","20471","2439","22287","20165","2122","9.5","22639","20737","1902","55222"
"41011","OR","Coos County, OR","5","8","5","8","28615","26692","1923","28219","26364","1855","28103","25771","2332","28572","24850","3722","27740","24215","3525","27928","24701","3227","27096","24099","2997","26375","23682","2693","10.2","26260","23856","2404","37583"
"41013","OR","Crook County, OR","6","5","6","5","9676","9107","569","9790","9183","607","9800","8826","974","9547","7812","1735","9582","8055","1527","9437","8093","1344","9226","7978","1248","8916","7839","1077","12.1","9045","8134","911","43343"
"41015","OR","Curry County, OR","7","8","7","8","9547","8897","650","9510","8889","621","9518","8746","772","9483","8233","1250","9389","8203","1186","9195","8091","1104","8947","7896","1051","8653","7737","916","10.6","8690","7790","900","37175"
"41017","OR","Deschutes County, OR","3","2","3","2","79324","75654","3670","81675","77625","4050","81766","75061","6705","81747","69567","12180","81238","69995","11243","80445","70585","9860","78731","69895","8836","78172","70731","7441","9.5","80907","74523","6384","49427"
"41019","OR","Douglas County, OR","4","5","4","5","47253","43740","3513","47035","43421","3614","46549","41935","4614","47157","39763","7394","47878","41184","6694","47418","41411","6007","45703","40256","5447","44184","39532","4652","10.5","44224","40060","4164","40243"
"41021","OR","Gilliam County, OR","9","10","9","12","994","946","48","1046","999","47","1200","1148","52","1226","1142","84","959","873","86","972","878","94","934","842","92","844","770","74","8.8","841","774","67","50027"
"41023","OR","Grant County, OR","9","12","9","12","3513","3223","290","3437","3161","276","3379","3021","358","3461","2988","473","3398","2933","465","3417","2947","470","3306","2844","462","3194","2799","395","12.4","3185","2842","343","40569"
"41025","OR","Harney County, OR","7","11","7","11","3334","3067","267","3317","3075","242","3350","3031","319","3537","2959","578","3836","3290","546","3722","3228","494","3516","3103","413","3329","2945","384","11.5","3336","3008","328","37041"
"41027","OR","Hood River County, OR","6","3","6","3","12560","11876","684","12884","12303","581","13351","12634","717","13956","12815","1141","14196","13023","1173","14308","13181","1127","14044","13026","1018","13751","12882","869","6.3","14024","13257","767","50891"
"41029","OR","Jackson County, OR","3","2","3","2","99946","94267","5679","101473","95750","5723","101904","93823","8081","102309","89199","13110","100968","88392","12576","100326","88602","11724","98383","87495","10888","95938","86599","9339","9.7","97104","88748","8356","43393"
"41031","OR","Jefferson County, OR","6","6","6","6","9198","8684","514","9289","8662","627","9353","8412","941","9350","7945","1405","9629","8314","1315","9586","8367","1219","9588","8459","1129","9225","8263","962","10.4","9397","8549","848","41107"
"41033","OR","Josephine County, OR","4","5","3","2","35050","32744","2306","34862","32405","2457","34991","31769","3222","35332","30209","5123","34491","29652","4839","34439","30102","4337","33353","29308","4045","32203","28642","3561","11.1","32925","29750","3175","37619"
"41035","OR","Klamath County, OR","5","8","5","8","30352","28334","2018","30573","28458","2115","30867","28035","2832","31261","26847","4414","31221","27186","4035","31248","27505","3743","29982","26474","3508","28895","25787","3108","10.8","28638","25871","2767","37542"
"41037","OR","Lake County, OR","7","12","7","12","3682","3407","275","3639","3375","264","3585","3275","310","3689","3223","466","3720","3219","501","3748","3257","491","3626","3158","468","3471","3078","393","11.3","3522","3177","345","37856"
"41039","OR","Lane County, OR","2","2","2","2","177402","167795","9607","181463","172060","9403","183901","171498","12403","183890","161255","22635","178304","158656","19648","177236","160152","17084","172226","156958","15268","167463","154168","13295","7.9","169465","157485","11980","43778"
"41041","OR","Lincoln County, OR","4","6","5","8","22073","20756","1317","22510","21272","1238","22850","21339","1511","23252","20785","2467","22117","19679","2438","21909","19631","2278","21336","19232","2104","20626","18826","1800","8.7","20671","19026","1645","39801"
"41043","OR","Linn County, OR","4","5","3","2","52770","49321","3449","53653","50267","3386","55235","50937","4298","56197","48351","7846","57072","49751","7321","56565","50146","6419","55304","49364","5940","53461","48285","5176","9.7","54020","49500","4520","44941"
"41045","OR","Malheur County, OR","6","5","6","5","12510","11717","793","12719","12003","716","12760","11800","960","13156","11721","1435","13474","12172","1302","13365","12099","1266","12843","11628","1215","12360","11304","1056","8.5","12151","11155","996","34565"
"41047","OR","Marion County, OR","2","2","2","2","149931","141466","8465","151768","143586","8182","155375","145070","10305","158101","140497","17604","155351","138027","17324","154382","138238","16144","150575","135596","14979","147234","134294","12940","8.8","149448","138259","11189","46919"
"41049","OR","Morrow County, OR","6","5","6","5","5539","5179","360","5326","5036","290","5447","5100","347","5805","5262","543","5729","5194","535","5785","5311","474","5644","5187","457","5539","5114","425","7.7","5557","5164","393","51289"
"41051","OR","Multnomah County, OR","1","1","1","1","366637","347849","18788","379156","360681","18475","388379","365522","22857","393391","351886","41505","418839","378512","40327","424296","388898","35398","419645","387716","31929","412168","384066","28102","6.8","420520","395052","25468","53624"
"41053","OR","Polk County, OR","2","2","2","2","36936","35112","1824","38469","36579","1890","39707","37465","2242","40198","36388","3810","36385","32848","3537","36221","32895","3326","35194","32103","3091","34640","31885","2755","8","35359","32900","2459","51224"
"41055","OR","Sherman County, OR","9","10","9","10","885","833","52","930","885","45","974","917","57","1050","954","96","905","799","106","918","817","101","894","799","95","863","786","77","8.9","878","812","66","52679"
"41057","OR","Tillamook County, OR","6","4","6","4","12419","11737","682","12433","11821","612","12603","11910","693","12870","11639","1231","11768","10538","1230","11623","10482","1141","11148","10089","1059","10915","10028","887","8.1","11167","10386","781","41584"
"41059","OR","Umatilla County, OR","5","8","4","5","35967","33567","2400","36645","34522","2123","37635","35163","2472","38738","34960","3778","36689","32916","3773","37329","33784","3545","36666","33365","3301","35246","32166","3080","8.7","35389","32588","2801","47053"
"41061","OR","Union County, OR","7","8","7","8","11977","11276","701","12235","11562","673","12320","11322","998","12634","11166","1468","12486","11196","1290","12440","11204","1236","12213","11064","1149","11752","10764","988","8.4","11743","10871","872","41331"
"41063","OR","Wallowa County, OR","9","10","9","10","3622","3386","236","3648","3427","221","3671","3392","279","3762","3309","453","3505","3053","452","3479","3058","421","3346","2967","379","3222","2868","354","11","3227","2899","328","42751"
"41065","OR","Wasco County, OR","6","3","6","3","13154","12439","715","13239","12589","650","13338","12527","811","14132","12849","1283","13682","12375","1307","13880","12668","1212","13802","12645","1157","13710","12680","1030","7.5","13620","12708","912","42461"
"41067","OR","Washington County, OR","1","1","1","1","277908","265718","12190","283981","271750","12231","289385","274019","15366","290888","263307","27581","289671","263708","25963","294008","271367","22641","291047","270485","20562","287294","269247","18047","6.3","293632","276827","16805","63632"
"41069","OR","Wheeler County, OR","9","10","9","10","635","594","41","611","577","34","617","580","37","656","596","60","777","703","74","768","701","67","782","727","55","734","687","47","6.4","735","688","47","33065"
"41071","OR","Yamhill County, OR","1","1","1","1","45428","43104","2324","46583","44255","2328","47894","44786","3108","48389","42762","5627","51227","45886","5341","51339","46620","4719","50561","46263","4298","49398","45662","3736","7.6","50300","46992","3308","57427"
"42000","PA","Pennsylvania",,,,,"6294504","6006634","287870","6342997","6064063","278934","6451535","6109645","341890","6400263","5885351","514912","6380949","5840887","540062","6395026","5887860","507166","6464605","5956662","507943","6441752","5963909","477843","7.4","6378495","6008533","369962","52005"
"42001","PA","Adams County, PA","4","5","3","2","55265","53390","1875","55892","54028","1864","56402","53970","2432","54978","50893","4085","54588","50373","4215","54076","50462","3614","54762","51244","3518","55343","52103","3240","5.9","54997","52525","2472","57725"
"42003","PA","Allegheny County, PA","1","1","1","1","627923","599910","28013","633672","607439","26233","643395","612419","30976","639381","595899","43482","636060","587858","48202","642995","597322","45673","653303","607720","45583","651362","608451","42911","6.6","644822","610519","34303","51400"
"42005","PA","Armstrong County, PA","1","1","1","1","32891","31160","1731","32834","31192","1642","33403","31430","1973","33102","30082","3020","33635","30576","3059","33634","30869","2765","33914","31176","2738","33645","31016","2629","7.8","33219","31083","2136","42927"
"42007","PA","Beaver County, PA","1","1","1","1","89104","84849","4255","88933","84904","4029","90548","85593","4955","89935","82665","7270","85607","78259","7348","85883","79196","6687","86885","80334","6551","86552","80241","6311","7.3","86031","80493","5538","49215"
"42009","PA","Bedford County, PA","6","6","6","6","23130","21803","1327","23545","22215","1330","24468","22801","1667","24282","21639","2643","25365","22809","2556","24979","22701","2278","25108","22911","2197","24727","22631","2096","8.5","24139","22562","1577","48003"
"42011","PA","Berks County, PA","2","2","2","2","201350","192567","8783","203068","194447","8621","206505","195467","11038","203891","186095","17796","210138","191908","18230","210203","193550","16653","211884","195532","16352","211449","196150","15299","7.2","210590","199065","11525","55634"
"42013","PA","Blair County, PA","3","2","3","2","64548","61653","2895","65094","62365","2729","65574","62177","3397","65096","60447","4649","61777","56829","4948","61514","57029","4485","61832","57239","4593","61488","57203","4285","7","60764","57344","3420","41756"
"42015","PA","Bradford County, PA","6","5","6","5","30684","29241","1443","30827","29368","1459","31147","29509","1638","31343","28724","2619","30820","28591","2229","31991","29941","2050","32624","30395","2229","31861","29529","2332","7.3","31489","29810","1679","49117"
"42017","PA","Bucks County, PA","1","1","1","1","346039","332632","13407","347367","334141","13226","353465","336821","16644","343918","318801","25117","337132","311405","25727","336292","311720","24572","338864","314377","24487","337217","314763","22454","6.7","335628","318156","17472","73662"
"42019","PA","Butler County, PA","1","1","1","1","96207","92073","4134","96948","93055","3893","99234","94635","4599","99691","92726","6965","95776","88720","7056","96617","90186","6431","98010","91674","6336","97860","91794","6066","6.2","96927","92045","4882","58430"
"42021","PA","Cambria County, PA","3","2","3","2","67882","64258","3624","68335","64702","3633","69579","65313","4266","69068","63172","5896","66747","60457","6290","66168","60417","5751","65992","60176","5816","64625","58968","5657","8.8","62959","58596","4363","40930"
"42023","PA","Cameron County, PA","7","9","7","10","2607","2447","160","2555","2401","154","2536","2308","228","2364","1960","404","2555","2233","322","2512","2242","270","2457","2202","255","2357","2126","231","9.8","2280","2120","160","37891"
"42025","PA","Carbon County, PA","2","2","2","2","30726","28939","1787","31081","29413","1668","31601","29475","2126","31454","28281","3173","31799","28434","3365","31884","28679","3205","32348","29088","3260","32217","29202","3015","9.4","31712","29507","2205","44338"
"42027","PA","Centre County, PA","3","2","3","2","72814","70098","2716","73700","71112","2588","75538","72293","3245","75320","70944","4376","77334","72735","4599","77386","73183","4203","77571","73301","4270","77988","73865","4123","5.3","77752","74533","3219","52559"
"42029","PA","Chester County, PA","1","1","1","1","263375","254609","8766","267222","258865","8357","274238","263491","10747","268122","251383","16739","269526","252685","16841","270008","254410","15598","273064","257585","15479","273489","258946","14543","5.3","272270","261025","11245","83775"
"42031","PA","Clarion County, PA","6","4","6","4","20668","19652","1016","20286","19319","967","20835","19537","1298","20658","18702","1956","19573","17570","2003","19101","17205","1896","19005","17294","1711","18672","17156","1516","8.1","18327","17186","1141","40043"
"42033","PA","Clearfield County, PA","4","5","4","5","40968","38765","2203","40780","38551","2229","40775","38038","2737","40730","36674","4056","38075","34100","3975","38015","34468","3547","38207","34652","3555","37741","34362","3379","9","36576","33996","2580","39912"
"42035","PA","Clinton County, PA","6","5","4","5","18851","17812","1039","19149","18145","1004","19460","18258","1202","19338","17629","1709","18748","16986","1762","19178","17572","1606","19464","17739","1725","19278","17534","1744","9","18875","17517","1358","44887"
"42037","PA","Columbia County, PA","4","5","3","2","34631","32737","1894","35206","33429","1777","36409","34273","2136","36446","33328","3118","34756","31516","3240","34767","31768","2999","35531","32566","2965","35354","32652","2702","7.6","34175","32118","2057","45564"
"42039","PA","Crawford County, PA","4","5","4","5","42623","40411","2212","42787","40674","2113","43562","41116","2446","42885","38649","4236","41694","37746","3948","41501","38200","3301","41983","38776","3207","41770","38747","3023","7.2","41128","38774","2354","43793"
"42041","PA","Cumberland County, PA","2","2","2","2","122144","118044","4100","123188","119168","4020","125832","120498","5334","124899","116621","8278","124442","115934","8508","124420","116503","7917","125791","117971","7820","125798","118570","7228","5.7","125124","119554","5570","60134"
"42043","PA","Dauphin County, PA","2","2","2","2","134968","129584","5384","135823","130509","5314","138090","131631","6459","137073","126848","10225","140559","129284","11275","140446","129811","10635","141173","130663","10510","140538","130862","9676","6.9","139418","132047","7371","53480"
"42045","PA","Delaware County, PA","1","1","1","1","282338","270261","12077","283132","271606","11526","287490","273179","14311","280088","258803","21285","286172","263272","22900","286906","264603","22303","289695","267248","22447","290749","269920","20829","7.2","290026","274093","15933","64186"
"42047","PA","Elk County, PA","7","8","7","9","17540","16723","817","17483","16659","824","17578","16531","1047","17103","14945","2158","16685","15074","1611","16862","15618","1244","16888","15709","1179","16463","15332","1131","6.9","16311","15483","828","46388"
"42049","PA","Erie County, PA","2","2","2","2","140301","133215","7086","140590","133805","6785","141912","133934","7978","139893","127432","12461","136354","123667","12687","137266","126074","11192","137447","126687","10760","135990","125818","10172","7.5","134343","126112","8231","44223"
"42051","PA","Fayette County, PA","1","1","1","1","65601","61448","4153","65659","61917","3742","66718","62362","4356","66011","59957","6054","59531","53132","6399","59624","53666","5958","60164","54264","5900","59617","53952","5665","9.5","58560","54099","4461","37929"
"42053","PA","Forest County, PA","9","10","9","9","2226","2067","159","2394","2237","157","2392","2209","183","2382","2122","260","2155","1911","244","2030","1842","188","2011","1816","195","1975","1778","197","10","1927","1774","153","38087"
"42055","PA","Franklin County, PA","4","5","3","2","78825","76240","2585","80752","78014","2738","82775","79218","3557","80943","74404","6539","75708","69253","6455","75503","69984","5519","76322","70971","5351","76546","71513","5033","6.6","76085","72062","4023","53913"
"42057","PA","Fulton County, PA","8","7","8","7","8265","7899","366","8104","7652","452","8146","7559","587","7641","6617","1024","7434","6522","912","7351","6608","743","7440","6754","686","7390","6718","672","9.1","7248","6755","493","46032"
"42059","PA","Greene County, PA","6","4","6","4","17478","16474","1004","18128","17223","905","18622","17546","1076","19109","17687","1422","17410","15953","1457","18185","16799","1386","19065","17681","1384","18749","17401","1348","7.2","18395","17393","1002","45156"
"42061","PA","Huntingdon County, PA","6","5","6","5","22045","20902","1143","22187","21044","1143","22631","21148","1483","22738","20355","2383","21116","18851","2265","20996","18882","2114","20756","18707","2049","20310","18329","1981","9.8","19734","18208","1526","42479"
"42063","PA","Indiana County, PA","4","3","4","3","45443","43120","2323","45705","43578","2127","46969","44497","2472","47201","43681","3520","44077","40249","3828","44013","40563","3450","44752","41124","3628","44055","40661","3394","7.7","43193","40644","2549","44504"
"42065","PA","Jefferson County, PA","7","9","7","9","22755","21650","1105","23094","22027","1067","23301","22009","1292","22837","20692","2145","21606","19429","2177","21781","19886","1895","21749","19943","1806","21073","19353","1720","8.2","20742","19436","1306","41637"
"42067","PA","Juniata County, PA","6","7","6","7","12633","12101","532","12488","11962","526","12451","11788","663","12157","11198","959","12087","11126","961","12008","11123","885","12049","11172","877","12024","11169","855","7.1","11764","11109","655","46183"
"42069","PA","Lackawanna County, PA","2","2","2","2","105955","100766","5189","106909","101792","5117","108526","102231","6295","107192","98396","8796","106987","97402","9585","107292","97796","9496","107692","98106","9586","107674","98648","9026","8.4","106676","99688","6988","44926"
"42071","PA","Lancaster County, PA","2","2","2","2","267104","257754","9350","269595","260379","9216","274555","262878","11677","269564","250126","19438","268000","247911","20089","265960","247682","18278","269220","251618","17602","270037","253673","16364","6.1","270239","257890","12349","56766"
"42073","PA","Lawrence County, PA","4","3","4","3","43827","41469","2358","44068","41769","2299","43950","41240","2710","43579","39523","4056","43134","39152","3982","43045","39427","3618","43339","39899","3440","43056","39784","3272","7.6","42610","39964","2646","43199"
"42075","PA","Lebanon County, PA","3","2","3","2","71166","68764","2402","72124","69628","2496","73369","70324","3045","72763","67885","4878","70059","64823","5236","69817","64991","4826","70882","66166","4716","70719","66308","4411","6.2","70020","66599","3421","54952"
"42077","PA","Lehigh County, PA","2","2","2","2","174194","166251","7943","175800","168063","7737","178950","168895","10055","178430","162952","15478","177231","160947","16284","179525","163991","15534","182961","167383","15578","183255","168809","14446","7.9","181598","170631","10967","53722"
"42079","PA","Luzerne County, PA","2","2","2","2","158249","149736","8513","159118","151181","7937","161744","151642","10102","161298","146781","14517","159759","143859","15900","159797","144474","15323","160883","145082","15801","160789","145600","15189","9.4","158634","147126","11508","44734"
"42081","PA","Lycoming County, PA","3","2","3","2","58982","55914","3068","59328","56408","2920","60703","57136","3567","60009","54723","5286","59482","54169","5313","61063","56354","4709","62754","57806","4948","61856","56994","4862","7.9","61303","57582","3721","46663"
"42083","PA","McKean County, PA","7","8","7","8","21725","20575","1150","21676","20591","1085","21938","20594","1344","21188","19016","2172","20047","18030","2017","20099","18353","1746","20256","18567","1689","19667","18075","1592","8.1","19264","18056","1208","41653"
"42085","PA","Mercer County, PA","2","2","2","2","55367","52319","3048","55433","52359","3074","55808","52070","3738","54749","48642","6107","53626","48515","5111","53376","49134","4242","53993","49855","4138","53806","49823","3983","7.4","52892","49752","3140","43936"
"42087","PA","Mifflin County, PA","4","5","4","5","22468","21345","1123","22514","21338","1176","22790","21297","1493","22558","20328","2230","21265","19086","2179","20981","19125","1856","21120","19299","1821","21357","19631","1726","8.1","21032","19720","1312","42567"
"42089","PA","Monroe County, PA","4","3","3","2","80137","75991","4146","81613","77608","4005","84017","78991","5026","82859","75360","7499","82744","74695","8049","82227","74246","7981","82502","74390","8112","81597","73906","7691","9.4","79673","73754","5919","55273"
"42091","PA","Montgomery County, PA","1","1","1","1","426868","411623","15245","430052","415122","14930","438010","419127","18883","425087","396105","28982","430364","400471","29893","430512","402342","28170","435805","407839","27966","435565","409845","25720","5.9","434429","414378","20051","77021"
"42093","PA","Montour County, PA","6","5","3","2","9057","8694","363","9214","8859","355","9438","8988","450","9341","8729","612","9084","8474","610","9189","8614","575","9449","8899","550","9474","8956","518","5.5","9232","8808","424","53329"
"42095","PA","Northampton County, PA","2","2","2","2","150123","143309","6814","151894","145194","6700","153803","145401","8402","153711","140823","12888","151908","138583","13325","152689","140070","12619","155537","142854","12683","155831","144137","11694","7.5","154841","145692","9149","59605"
"42097","PA","Northumberland County, PA","4","5","4","5","47148","44685","2463","47308","44904","2404","48029","44896","3133","47323","42748","4575","45374","40862","4512","44940","40826","4114","45078","40978","4100","44727","40806","3921","8.8","43945","41051","2894","41078"
"42099","PA","Perry County, PA","2","2","2","2","24439","23499","940","24560","23565","995","25003","23700","1303","24730","22788","1942","24987","22964","2023","24723","22891","1832","24673","22867","1806","24296","22668","1628","6.7","24040","22802","1238","56544"
"42101","PA","Philadelphia County/city, PA","1","1","1","1","615906","577682","38224","620518","582727","37791","630620","586024","44596","652401","588815","63586","687774","615038","72736","690873","617093","73780","699593","623155","76438","698475","626042","72433","10.4","689205","634036","55169","36918"
"42103","PA","Pike County, PA","1","1","1","1","27006","25473","1533","27631","26134","1497","28443","26736","1707","28396","25821","2575","26168","23629","2539","26148","23552","2596","26131","23473","2658","25824","23326","2498","9.7","25390","23527","1863","60168"
"42105","PA","Potter County, PA","9","9","9","9","8252","7764","488","7756","7196","560","7784","7228","556","7716","6860","856","7802","6991","811","7832","7116","716","7931","7205","726","7748","7025","723","9.3","7604","7055","549","39781"
"42107","PA","Schuylkill County, PA","4","5","4","5","71572","67700","3872","73592","69906","3686","74496","69866","4630","73928","66625","7303","70685","63193","7492","70044","63208","6836","70965","64067","6898","70185","63745","6440","9.2","68732","63956","4776","41514"
"42109","PA","Snyder County, PA","7","8","7","8","20038","19221","817","19834","18913","921","19821","18615","1206","19376","17634","1742","20111","18423","1688","19811","18285","1526","19841","18326","1515","19753","18377","1376","7","19804","18792","1012","45558"
"42111","PA","Somerset County, PA","4","5","4","3","38958","36821","2137","38870","36732","2138","39439","36942","2497","38857","35545","3312","37150","33592","3558","36919","33647","3272","36581","33338","3243","35760","32462","3298","9.2","34777","32280","2497","42712"
"42113","PA","Sullivan County, PA","8","7","8","7","3020","2861","159","2996","2858","138","3006","2835","171","3023","2768","255","2960","2723","237","3038","2817","221","3102","2860","242","3056","2804","252","8.2","3008","2824","184","41668"
"42115","PA","Susquehanna County, PA","6","7","6","7","21357","20335","1022","21647","20707","940","22028","20783","1245","21794","19942","1852","21623","19737","1886","21924","20181","1743","22512","20794","1718","22326","20737","1589","7.1","21404","20160","1244","49244"
"42117","PA","Tioga County, PA","6","6","6","6","20220","19119","1101","20374","19259","1115","20623","19374","1249","20410","18431","1979","20193","18515","1678","21191","19708","1483","21731","20068","1663","21249","19433","1816","8.5","20386","18990","1396","45052"
"42119","PA","Union County, PA","4","5","4","5","17852","16943","909","17676","16746","930","17849","16733","1116","17681","16081","1600","19191","17710","1481","19067","17771","1296","19146","17898","1248","19156","17925","1231","6.4","19132","18186","946","49488"
"42121","PA","Venango County, PA","4","3","4","3","26588","25209","1379","26073","24791","1282","26447","24947","1500","26339","24053","2286","26427","24181","2246","26394","24443","1951","26305","24280","2025","25267","23293","1974","7.8","24613","23162","1451","41736"
"42123","PA","Warren County, PA","6","5","6","5","21066","20009","1057","21423","20447","976","21823","20690","1133","21898","20186","1712","20898","19170","1728","20442","18907","1535","20587","19176","1411","20420","19114","1306","6.4","20078","19024","1054","42043"
"42125","PA","Washington County, PA","1","1","1","1","103239","98156","5083","104070","99305","4765","106420","100875","5545","106457","98347","8110","105274","96759","8515","105876","98090","7786","107477","99703","7774","107007","99520","7487","7","105860","99814","6046","54919"
"42127","PA","Wayne County, PA","6","6","6","4","25287","24237","1050","25655","24580","1075","25742","24400","1342","25640","23736","1904","23618","21701","1917","23280","21391","1889","23119","21260","1859","22672","20915","1757","7.7","22262","20864","1398","45807"
"42129","PA","Westmoreland County, PA","1","1","1","1","185706","176512","9194","185838","177330","8508","189007","179023","9984","188741","174028","14713","185266","170015","15251","185869","171861","14008","187653","173776","13877","186356","173239","13117","7","184190","173753","10437","51412"
"42131","PA","Wyoming County, PA","2","2","2","2","14353","13616","737","14413","13654","759","14548","13671","877","14447","13220","1227","14334","13077","1257","14332","13067","1265","14414","13104","1310","14360","13084","1276","8.9","14142","13190","952","47012"
"42133","PA","York County, PA","2","2","2","2","222435","213549","8886","225424","216856","8568","229230","218459","10771","226705","208284","18421","230390","211046","19344","230661","213329","17332","233264","215880","17384","232170","216396","15774","6.8","229957","217689","12268","56963"
"44000","RI","Rhode Island",,,,,"572601","544357","28244","573173","543401","29772","570328","525941","44387","567280","504951","62329","566704","503216","63488","560455","498250","62205","558089","500283","57806","556910","505370","51540","9.3","553332","510902","42430","55015"
"44001","RI","Bristol County, RI","1","1","1","1","28585","27360","1225","27647","26403","1244","27450","25585","1865","27080","24354","2726","27032","24429","2603","26293","23822","2471","26190","23916","2274","26272","24241","2031","7.7","26256","24565","1691","68415"
"44003","RI","Kent County, RI","1","1","1","1","97525","92982","4543","97802","92912","4890","97344","90157","7187","96816","86700","10116","94147","83693","10454","92823","82796","10027","92112","82907","9205","91884","83750","8134","8.9","91195","84635","6560","63232"
"44005","RI","Newport County, RI","1","1","1","1","44686","42666","2020","45374","43313","2061","44011","41018","2993","43436","39197","4239","45160","40765","4395","44439","40090","4349","44218","40233","3985","44210","40643","3567","8.1","44106","41157","2949","67291"
"44007","RI","Providence County, RI","1","1","1","1","327711","310272","17439","328144","309733","18411","327491","300024","27467","326783","288048","38735","328844","289870","38974","326416","288045","38371","325524","289737","35787","324698","292716","31982","9.8","322238","295871","26367","47642"
"44009","RI","Washington County, RI","1","1","1","1","74096","71077","3019","74206","71040","3166","74032","69157","4875","73170","66656","6514","71523","64461","7062","70484","63497","6987","70044","63490","6554","69847","64020","5827","8.3","69539","64675","4864","69267"
"45000","SC","South Carolina",,,,,"2109097","1973337","135760","2125891","2005686","120205","2142232","1996409","145823","2152745","1910670","242075","2155668","1915045","240623","2171046","1942109","228937","2178158","1978328","199830","2180093","2013452","166641","7.6","2197587","2056136","141451","44310"
"45001","SC","Abbeville County, SC","6","6","6","5","12032","10972","1060","11511","10580","931","11335","10419","916","11260","9665","1595","10926","9440","1486","10758","9419","1339","10641","9514","1127","10490","9492","998","9.5","10457","9658","799","36187"
"45003","SC","Aiken County, SC","2","2","2","2","75160","70350","4810","74572","70571","4001","74897","70514","4383","76639","69581","7058","72370","65641","6729","73116","66376","6740","72605","66439","6166","72207","66837","5370","7.4","72669","67996","4673","43876"
"45005","SC","Allendale County, SC","6","6","6","6","3869","3477","392","3546","3180","366","3335","2784","551","3398","2697","701","3318","2685","633","3273","2672","601","3121","2593","528","3079","2645","434","14.1","2890","2539","351","25753"
"45007","SC","Anderson County, SC","3","2","2","2","84455","78709","5746","84980","80072","4908","85313","79547","5766","85177","74955","10222","85236","75382","9854","85727","76889","8838","85228","77714","7514","85345","79303","6042","7.1","85879","80813","5066","41591"
"45009","SC","Bamberg County, SC","7","9","7","9","6490","5850","640","6232","5664","568","6326","5614","712","6435","5428","1007","6510","5461","1049","6303","5280","1023","5777","4859","918","5556","4803","753","13.6","5577","4930","647","30762"
"45011","SC","Barnwell County, SC","6","6","6","6","9252","8327","925","8818","7996","822","8815","7854","961","8997","7456","1541","9490","7914","1576","9185","7787","1398","8924","7687","1237","8678","7621","1057","12.2","8705","7868","837","31899"
"45013","SC","Beaufort County, SC","5","8","3","2","62868","59859","3009","63906","61117","2789","63741","60361","3380","62884","57398","5486","65338","59686","5652","65363","59662","5701","65705","60717","4988","66951","62630","4321","6.5","68502","64625","3877","56354"
"45015","SC","Berkeley County, SC","2","2","2","2","73123","69063","4060","77641","73923","3718","79848","74956","4892","80462","72210","8252","82742","74454","8288","85593","77423","8170","88010","80682","7328","88374","82264","6110","6.9","89661","84326","5335","50794"
"45017","SC","Calhoun County, SC","2","2","2","2","7080","6574","506","6896","6465","431","6763","6246","517","6727","5903","824","7044","6178","866","7076","6203","873","6920","6150","770","6895","6235","660","9.6","6917","6367","550","40593"
"45019","SC","Charleston County, SC","2","2","2","2","169758","161234","8524","173525","165971","7554","174276","165025","9251","173571","158380","15191","178851","163115","15736","182682","167457","15225","185836","172534","13302","186706","175649","11057","5.9","189718","179962","9756","51206"
"45021","SC","Cherokee County, SC","4","5","4","5","25102","23177","1925","25257","23543","1714","25546","23231","2315","25594","21538","4056","23684","19957","3727","23597","20124","3473","23660","20629","3031","23624","21135","2489","10.5","23475","21537","1938","37726"
"45023","SC","Chester County, SC","6","3","1","1","16159","14511","1648","15475","13788","1687","15314","13505","1809","15632","12534","3098","14684","11855","2829","14378","11887","2491","13977","11913","2064","13614","11941","1673","12.3","13608","12311","1297","36523"
"45025","SC","Chesterfield County, SC","6","4","6","4","18642","16872","1770","18468","17037","1431","18591","16926","1665","19022","15880","3142","21288","18228","3060","21120","18406","2714","20967","18586","2381","20897","18969","1928","9.2","21096","19642","1454","33591"
"45027","SC","Clarendon County, SC","6","6","6","6","12929","11738","1191","12641","11580","1061","12511","11290","1221","12756","10840","1916","13881","11937","1944","13612","11638","1974","13232","11536","1696","12924","11584","1340","10.4","12909","11813","1096","30096"
"45029","SC","Colleton County, SC","6","5","6","6","16889","15792","1097","16458","15456","1002","16649","15278","1371","17187","14944","2243","16827","14513","2314","16629","14282","2347","16392","14412","1980","16268","14643","1625","10","16660","15394","1266","33817"
"45031","SC","Darlington County, SC","3","2","3","2","31020","28639","2381","30770","28762","2008","31143","28493","2650","31068","27033","4035","30591","26556","4035","30385","26466","3919","30293","26949","3344","29939","27139","2800","9.4","29503","27158","2345","34209"
"45033","SC","Dillon County, SC","6","5","6","6","13398","12154","1244","12978","11797","1181","12972","11634","1338","13778","11669","2109","14015","11784","2231","13627","11473","2154","13152","11296","1856","12704","11192","1512","11.9","12512","11304","1208","33696"
"45035","SC","Dorchester County, SC","2","2","2","2","60523","57459","3064","62138","59419","2719","63518","59928","3590","64044","57801","6243","65564","59322","6242","66824","60880","5944","67888","62635","5253","68246","63758","4488","6.6","69376","65356","4020","55193"
"45037","SC","Edgefield County, SC","2","2","2","2","11067","10213","854","10975","10281","694","10934","10199","735","11151","10019","1132","10986","9893","1093","10884","9810","1074","10587","9603","984","10454","9623","831","7.9","10512","9804","708","44862"
"45039","SC","Fairfield County, SC","2","2","2","2","11410","10384","1026","11118","10174","944","11195","10004","1191","10818","9393","1425","10672","9113","1559","10526","8999","1527","10353","9006","1347","10053","8966","1087","10.8","10015","9153","862","35531"
"45041","SC","Florence County, SC","3","2","3","2","62165","57651","4514","62583","58784","3799","62863","58463","4400","63640","56550","7090","64175","56907","7268","64302","57087","7215","64717","58483","6234","64604","59248","5356","8.3","63830","59197","4633","41028"
"45043","SC","Georgetown County, SC","4","5","4","5","29367","27277","2090","29139","27340","1799","30367","28113","2254","30222","26618","3604","26046","22272","3774","25467","22021","3446","24554","21639","2915","24227","21787","2440","10.1","24859","22805","2054","41213"
"45045","SC","Greenville County, SC","2","2","2","2","215684","204101","11583","220826","210480","10346","223956","211534","12422","223171","201358","21813","220215","199011","21204","223719","204401","19318","226021","209320","16701","229555","215581","13974","6.1","231979","219660","12319","49476"
"45047","SC","Greenwood County, SC","4","5","4","5","31665","29145","2520","30936","28799","2137","30615","28281","2334","30991","27121","3870","31870","28092","3778","31975","28349","3626","31924","28693","3231","31402","28681","2721","8.7","31392","29212","2180","37217"
"45049","SC","Hampton County, SC","6","6","6","6","7971","7399","572","7855","7330","525","7721","7028","693","7955","6779","1176","8785","7659","1126","8618","7502","1116","8390","7453","937","8309","7533","776","9.3","8299","7658","641","32941"
"45051","SC","Horry County, SC","3","2","2","2","128200","121128","7072","130268","123740","6528","130715","121473","9242","130286","115067","15219","130949","114862","16087","132082","116354","15728","132160","118507","13653","132168","120772","11396","8.6","132999","123337","9662","41808"
"45053","SC","Jasper County, SC","6","5","3","2","10185","9690","495","10062","9602","460","10055","9447","608","10095","9054","1041","10897","9824","1073","10971","9884","1087","10921","9996","925","11127","10353","774","7","11307","10663","644","34852"
"45055","SC","Kershaw County, SC","2","2","2","2","29598","27723","1875","29633","28045","1588","29752","27802","1950","29874","26716","3158","28137","24899","3238","28118","25026","3092","27966","25355","2611","27725","25623","2102","7.6","27917","26153","1764","44787"
"45057","SC","Lancaster County, SC","4","3","1","1","30538","27787","2751","29787","26932","2855","29582","26181","3401","30340","25070","5270","33942","28945","4997","34074","29533","4541","34209","30356","3853","34141","30952","3189","9.3","34382","31891","2491","40837"
"45059","SC","Laurens County, SC","2","2","2","2","33495","31178","2317","33357","30968","2389","32897","30464","2433","32050","28291","3759","30191","26482","3709","30287","26772","3515","29894","26840","3054","29704","27193","2511","8.5","29779","27717","2062","36771"
"45061","SC","Lee County, SC","6","6","6","6","8372","7571","801","8137","7476","661","8125","7368","757","8495","7283","1212","6953","5826","1127","6866","5754","1112","6702","5761","941","6534","5809","725","11.1","6406","5824","582","30972"
"45063","SC","Lexington County, SC","2","2","2","2","130643","124541","6102","131525","126132","5393","132615","126144","6471","132981","122305","10676","132940","122036","10904","134064","123384","10680","136057","126556","9501","136819","128879","7940","5.8","138534","131473","7061","53880"
"45065","SC","McCormick County, SC","8","7","8","6","3593","3198","395","3496","3148","348","3444","3073","371","3423","2872","551","3624","3115","509","3625","3131","494","3558","3139","419","3490","3145","345","9.9","3516","3239","277","38186"
"45067","SC","Marion County, SC","6","6","6","6","13391","11781","1610","12854","11372","1482","12763","11015","1748","12916","10286","2630","14408","11775","2633","14136","11632","2504","13456","11319","2137","12995","11286","1709","13.2","12819","11476","1343","28520"
"45069","SC","Marlboro County, SC","6","5","6","5","12647","11233","1414","11832","10426","1406","11659","10200","1459","12036","9739","2297","10871","8567","2304","10726","8615","2111","10756","8867","1889","10466","9016","1450","13.9","9944","8891","1053","31185"
"45071","SC","Newberry County, SC","6","5","6","5","17950","16793","1157","18019","17008","1011","18582","17289","1293","18446","16351","2095","18576","16572","2004","18539","16621","1918","18162","16561","1601","17843","16549","1294","7.3","18297","17256","1041","37890"
"45073","SC","Oconee County, SC","6","5","4","5","30834","28085","2749","30225","28149","2076","30608","28369","2239","31227","27082","4145","33315","29523","3792","33206","29878","3328","33264","30341","2923","33045","30493","2552","7.7","33963","31809","2154","42077"
"45075","SC","Orangeburg County, SC","4","5","4","5","40028","36342","3686","40302","37031","3271","41087","36936","4151","41540","35196","6344","40103","33723","6380","40162","33812","6350","39229","33638","5591","38364","33595","4769","12.4","38070","33778","4292","32180"
"45077","SC","Pickens County, SC","2","2","2","2","57789","54196","3593","58130","55185","2945","58155","54637","3518","56986","51007","5979","54436","48511","5925","54603","49231","5372","54485","49662","4823","54295","50360","3935","7.2","54686","51301","3385","42400"
"45079","SC","Richland County, SC","2","2","2","2","175827","165594","10233","179489","170088","9401","180447","169429","11018","179853","163237","16616","184939","167563","17376","186123","168957","17166","188695","173227","15468","189727","176614","13113","6.9","191663","180099","11564","47492"
"45081","SC","Saluda County, SC","2","2","2","2","9361","8776","585","9116","8632","484","8929","8395","534","8964","8113","851","8684","7813","871","8650","7811","839","8552","7837","715","8518","7936","582","6.8","8629","8139","490","40366"
"45083","SC","Spartanburg County, SC","2","2","2","2","133837","124936","8901","134253","126674","7579","135710","126430","9280","135629","119499","16130","131821","116208","15613","132983","118488","14495","134225","121629","12596","134800","124454","10346","7.7","134890","126373","8517","42638"
"45085","SC","Sumter County, SC","3","2","3","2","45815","42252","3563","44599","41465","3134","43755","40137","3618","44819","39309","5510","44420","38888","5532","44707","39329","5378","44534","39818","4716","43982","40129","3853","8.8","43964","40741","3223","39182"
"45087","SC","Union County, SC","6","5","2","2","12286","10947","1339","11657","10611","1046","11696","10432","1264","12077","9763","2314","12392","10202","2190","12207","10251","1956","11917","10294","1623","11680","10354","1326","11.4","11498","10513","985","34042"
"45089","SC","Williamsburg County, SC","6","6","6","6","15671","14119","1552","15258","13885","1373","15437","13835","1602","15856","13552","2304","13351","11048","2303","13399","11163","2236","12386","10432","1954","12622","11034","1588","12.6","12712","11451","1261","29391"
"45091","SC","York County, SC","1","1","1","1","100969","94544","6425","104653","99009","5644","107682","100129","7553","112281","97133","15148","115614","101610","14004","116777","103989","12788","118154","107146","11008","118955","109652","9303","7.8","120614","112924","7690","54927"
"46000","SD","South Dakota",,,,,"435007","421483","13524","442499","430011","12488","446618","432925","13693","446010","423993","22017","441339","419355","21984","440865","419998","20867","442551","423644","18907","444975","428162","16813","3.8","448201","432973","15228","49200"
"46003","SD","Aurora County, SD","9","10","9","10","1363","1316","47","1381","1341","40","1480","1434","46","1529","1462","67","1677","1618","59","1667","1615","52","1685","1635","50","1649","1605","44","2.7","1616","1575","41","46493"
"46005","SD","Beadle County, SD","7","8","7","8","9033","8765","268","9448","9217","231","9705","9462","243","9723","9365","358","9429","9035","394","9488","9129","359","9577","9245","332","9498","9161","337","3.5","9452","9159","293","43682"
"46007","SD","Bennett County, SD","9","12","9","12","1485","1415","70","1389","1333","56","1367","1312","55","1431","1354","77","1195","1109","86","1178","1093","85","1199","1120","79","1138","1066","72","6.3","1132","1069","63","35083"
"46009","SD","Bon Homme County, SD","9","10","9","10","3222","3089","133","3091","2974","117","3074","2968","106","3136","2968","168","3190","3056","134","3116","2961","155","3040","2921","119","3010","2913","97","3.2","3000","2915","85","45803"
"46011","SD","Brookings County, SD","7","8","5","8","18946","18489","457","19704","19279","425","19593","19118","475","19026","18312","714","17850","17016","834","17878","17086","792","17702","17011","691","17807","17203","604","3.4","18185","17616","569","51893"
"46013","SD","Brown County, SD","5","8","5","8","20808","20263","545","21248","20758","490","21229","20706","523","21221","20452","769","20885","20081","804","20758","19959","799","20883","20140","743","21000","20320","680","3.2","21036","20428","608","50047"
"46015","SD","Brule County, SD","9","12","9","12","2744","2663","81","2814","2741","73","2803","2727","76","2856","2756","100","2733","2632","101","2710","2601","109","2650","2555","95","2611","2522","89","3.4","2592","2508","84","45878"
"46017","SD","Buffalo County, SD","9","12","9","12","549","471","78","489","435","54","482","433","49","510","433","77","693","615","78","736","659","77","749","675","74","743","676","67","9","727","670","57","21572"
"46019","SD","Butte County, SD","6","6","6","6","5403","5258","145","5341","5198","143","5483","5331","152","5447","5171","276","5110","4851","259","5019","4774","245","4980","4748","232","5051","4856","195","3.9","5086","4913","173","41413"
"46021","SD","Campbell County, SD","9","12","9","12","883","857","26","836","810","26","838","814","24","856","820","36","907","868","39","870","836","34","861","830","31","844","814","30","3.6","835","807","28","47579"
"46023","SD","Charles Mix County, SD","9","12","9","12","4116","3969","147","4030","3895","135","4054","3911","143","4194","3987","207","4144","3941","203","4126","3921","205","4060","3859","201","4005","3832","173","4.3","4053","3900","153","37996"
"46025","SD","Clark County, SD","9","10","9","10","1872","1800","72","1834","1768","66","1815","1745","70","1828","1724","104","1976","1874","102","1944","1852","92","1923","1840","83","1983","1905","78","3.9","1987","1910","77","45592"
"46027","SD","Clay County, SD","6","5","6","5","7473","7255","218","7614","7423","191","7700","7488","212","7655","7348","307","7388","7076","312","7484","7181","303","7435","7151","284","7101","6840","261","3.7","7137","6892","245","41970"
"46029","SD","Codington County, SD","7","8","5","8","16386","15909","477","16778","16334","444","16624","16122","502","16256","15249","1007","15056","14275","781","15343","14644","699","15503","14902","601","15487","14935","552","3.6","15423","14916","507","49022"
"46031","SD","Corson County, SD","9","12","9","12","1443","1357","86","1352","1276","76","1364","1294","70","1415","1321","94","1542","1435","107","1533","1418","115","1512","1392","120","1513","1408","105","6.9","1505","1416","89","31418"
"46033","SD","Custer County, SD","8","7","3","2","4811","4666","145","4712","4582","130","4902","4764","138","5017","4807","210","4069","3831","238","4071","3843","228","4016","3801","215","4027","3822","205","5.1","4039","3859","180","51326"
"46035","SD","Davison County, SD","7","8","7","8","10864","10539","325","11285","11009","276","11293","10998","295","11229","10685","544","10924","10440","484","11051","10615","436","11216","10843","373","11257","10908","349","3.1","11331","11014","317","47506"
"46037","SD","Day County, SD","9","10","9","10","2936","2788","148","2874","2737","137","2914","2787","127","2920","2717","203","3074","2869","205","3049","2848","201","2952","2782","170","2927","2774","153","5.2","2906","2753","153","44188"
"46039","SD","Deuel County, SD","9","10","9","10","2711","2615","96","2677","2584","93","2774","2668","106","2728","2565","163","2478","2311","167","2514","2361","153","2480","2334","146","2385","2254","131","5.5","2337","2212","125","52527"
"46041","SD","Dewey County, SD","9","12","9","12","2716","2463","253","2515","2274","241","2512","2281","231","2670","2376","294","2356","2006","350","2407","2019","388","2415","2029","386","2425","2051","374","15.4","2358","2016","342","34389"
"46043","SD","Douglas County, SD","9","10","9","10","1709","1663","46","1675","1633","42","1706","1660","46","1775","1701","74","1762","1684","78","1752","1681","71","1695","1638","57","1708","1654","54","3.2","1741","1690","51","48344"
"46045","SD","Edmunds County, SD","9","8","9","8","2073","2015","58","2062","2010","52","2072","2015","57","2009","1939","70","2384","2310","74","2353","2275","78","2308","2239","69","2288","2224","64","2.8","2293","2237","56","51352"
"46047","SD","Fall River County, SD","7","11","6","6","3794","3661","133","3753","3632","121","3758","3630","128","3811","3582","229","3262","3059","203","3188","2997","191","3125","2947","178","3045","2893","152","5","3026","2886","140","39552"
"46049","SD","Faulk County, SD","9","10","9","10","1144","1109","35","1119","1084","35","1145","1111","34","1150","1110","40","1174","1128","46","1171","1122","49","1145","1099","46","1165","1127","38","3.3","1156","1120","36","50092"
"46051","SD","Grant County, SD","7","9","7","9","4233","4085","148","4227","4085","142","4260","4105","155","4203","4004","199","4797","4573","224","4616","4394","222","4522","4323","199","4656","4461","195","4.2","4745","4576","169","51065"
"46053","SD","Gregory County, SD","9","12","9","12","2368","2286","82","2374","2298","76","2368","2287","81","2350","2253","97","2181","2086","95","2159","2060","99","2133","2040","93","2104","2022","82","3.9","2086","2015","71","35589"
"46055","SD","Haakon County, SD","8","7","8","7","1169","1138","31","1166","1137","29","1160","1130","30","1168","1125","43","1123","1085","38","1110","1069","41","1097","1063","34","1084","1052","32","3","1096","1066","30","45456"
"46057","SD","Hamlin County, SD","9","8","9","10","2934","2841","93","3003","2919","84","3004","2904","100","2970","2809","161","3133","2976","157","3096","2958","138","3129","3006","123","3124","3016","108","3.5","3158","3050","108","56860"
"46059","SD","Hand County, SD","9","10","9","10","1892","1839","53","1873","1822","51","1891","1841","50","1929","1869","60","1903","1841","62","1861","1799","62","1834","1778","56","1832","1781","51","2.8","1832","1785","47","50737"
"46061","SD","Hanson County, SD","8","5","8","5","1927","1870","57","1977","1918","59","1980","1919","61","1921","1835","86","1768","1675","93","1799","1712","87","1811","1727","84","1809","1734","75","4.1","1815","1752","63","57800"
"46063","SD","Harding County, SD","9","12","9","12","763","741","22","748","729","19","785","764","21","797","772","25","796","768","28","820","787","33","807","778","29","776","754","22","2.8","781","762","19","43860"
"46065","SD","Hughes County, SD","7","8","7","8","10471","10212","259","10230","9992","238","10322","10077","245","10395","10059","336","10051","9702","349","9965","9602","363","9926","9599","327","9926","9638","288","2.9","10008","9750","258","57538"
"46067","SD","Hutchinson County, SD","8","7","8","7","3671","3541","130","3783","3669","114","3757","3642","115","3808","3649","159","3804","3652","152","3781","3636","145","3716","3588","128","3674","3555","119","3.2","3665","3560","105","44958"
"46069","SD","Hyde County, SD","9","10","9","10","771","744","27","734","710","24","738","717","21","760","730","30","795","765","30","784","755","29","766","739","27","720","696","24","3.3","703","683","20","47072"
"46071","SD","Jackson County, SD","8","7","8","7","1287","1215","72","1207","1143","64","1226","1155","71","1271","1183","88","1393","1298","95","1384","1280","104","1342","1247","95","1314","1232","82","6.2","1316","1245","71","35387"
"46073","SD","Jerauld County, SD","9","10","9","10","1343","1305","38","1379","1346","33","1435","1401","34","1392","1349","43","1199","1155","44","1231","1187","44","1216","1179","37","1198","1161","37","3.1","1217","1186","31","48126"
"46075","SD","Jones County, SD","9","10","9","10","738","720","18","702","687","15","692","675","17","724","701","23","677","657","20","671","649","22","627","603","24","621","599","22","3.5","622","600","22","45095"
"46077","SD","Kingsbury County, SD","9","10","9","10","2963","2865","98","2952","2868","84","3011","2913","98","2975","2816","159","2868","2713","155","2875","2748","127","2974","2868","106","2889","2796","93","3.2","2928","2842","86","50045"
"46079","SD","Lake County, SD","6","6","6","6","6728","6521","207","6889","6690","199","6815","6600","215","6738","6308","430","6159","5811","348","6187","5880","307","6269","6004","265","6326","6082","244","3.9","6280","6056","224","53116"
"46081","SD","Lawrence County, SD","6","5","6","5","12952","12582","370","13460","13119","341","13543","13155","388","13589","12997","592","13155","12535","620","12809","12191","618","12652","12086","566","12706","12208","498","3.9","12700","12256","444","42867"
"46083","SD","Lincoln County, SD","3","2","3","2","20344","19846","498","21201","20723","478","22120","21570","550","22293","21327","966","26312","25282","1030","26911","25943","968","27793","26895","898","28592","27818","774","2.7","29100","28402","698","78567"
"46085","SD","Lyman County, SD","9","10","9","10","2025","1936","89","1971","1886","85","1987","1897","90","2020","1898","122","1948","1822","126","1906","1784","122","1881","1770","111","1863","1775","88","4.7","1817","1740","77","40057"
"46087","SD","McCook County, SD","3","2","3","2","2922","2832","90","2789","2713","76","2744","2647","97","2642","2499","143","3241","3081","160","3177","3036","141","3168","3048","120","3172","3070","102","3.2","3211","3126","85","53478"
"46089","SD","McPherson County, SD","9","10","9","10","1198","1148","50","1130","1083","47","1117","1070","47","1164","1102","62","1207","1148","59","1163","1111","52","1146","1093","53","1137","1094","43","3.8","1142","1098","44","38222"
"46091","SD","Marshall County, SD","9","10","9","10","2153","2062","91","2070","1983","87","2109","2017","92","2107","1967","140","2468","2335","133","2496","2356","140","2501","2382","119","2549","2437","112","4.4","2542","2438","104","49254"
"46093","SD","Meade County, SD","3","2","3","2","12630","12227","403","12470","12118","352","12383","11996","387","12074","11470","604","13146","12455","691","13068","12433","635","13166","12589","577","13561","13046","515","3.8","13636","13189","447","50711"
"46095","SD","Mellette County, SD","9","12","9","12","953","910","43","887","848","39","881","842","39","875","813","62","872","817","55","862","807","55","857","790","67","836","773","63","7.5","824","774","50","33460"
"46097","SD","Miner County, SD","8","7","8","7","1177","1132","45","1200","1158","42","1253","1210","43","1278","1210","68","1372","1303","69","1294","1236","58","1260","1215","45","1238","1193","45","3.6","1243","1203","40","45787"
"46099","SD","Minnehaha County, SD","3","2","3","2","95307","92676","2631","99419","96929","2490","100944","98082","2862","100524","95455","5069","99159","94222","4937","99284","94827","4457","100831","96837","3994","102743","99349","3394","3.3","104575","101458","3117","52382"
"46101","SD","Moody County, SD","8","7","8","7","4084","3921","163","4060","3909","151","4063","3889","174","3955","3690","265","4155","3864","291","4126","3861","265","4007","3788","219","4007","3823","184","4.6","3979","3815","164","53712"
"46103","SD","Pennington County, SD","3","2","3","2","52940","51377","1563","54352","52890","1462","55229","53608","1621","55334","52622","2712","52830","50073","2757","52946","50386","2560","53255","50918","2337","53341","51268","2073","3.9","53691","51878","1813","48886"
"46105","SD","Perkins County, SD","9","12","8","7","1735","1683","52","1646","1598","48","1620","1570","50","1635","1567","68","1612","1545","67","1569","1501","68","1534","1473","61","1539","1482","57","3.7","1557","1505","52","40042"
"46107","SD","Potter County, SD","9","12","9","10","1342","1301","41","1306","1268","38","1307","1267","40","1313","1264","49","1277","1215","62","1238","1172","66","1211","1162","49","1205","1159","46","3.8","1213","1172","41","50887"
"46109","SD","Roberts County, SD","9","9","9","10","4896","4685","211","4878","4682","196","4861","4658","203","4801","4513","288","5051","4758","293","5030","4693","337","4926","4645","281","4849","4598","251","5.2","4912","4680","232","44626"
"46111","SD","Sanborn County, SD","9","10","9","10","1510","1466","44","1471","1435","36","1422","1384","38","1412","1356","56","1345","1289","56","1332","1276","56","1296","1251","45","1295","1256","39","3","1259","1227","32","46936"
"46113","SD","Shannon County, SD","7","11","6","6","4036","3705","331","3798","3501","297","3788","3469","319","3995","3560","435","3716","3235","481","3728","3199","529","3760","3225","535","3683","3186","497","13.5","3642","3163","479","28512"
"46115","SD","Spink County, SD","7","9","9","10","3556","3444","112","3393","3286","107","3353","3242","111","3472","3327","145","3591","3456","135","3487","3342","145","3401","3262","139","3346","3227","119","3.6","3398","3278","120","50274"
"46117","SD","Stanley County, SD","9","8","9","8","1982","1936","46","1927","1883","44","1904","1857","47","1950","1888","62","1955","1881","74","1916","1840","76","1860","1804","56","1861","1810","51","2.7","1879","1831","48","57188"
"46119","SD","Sully County, SD","9","10","9","8","1018","994","24","992","970","22","1001","979","22","1001","971","30","886","854","32","874","841","33","881","854","27","885","859","26","2.9","892","867","25","57620"
"46121","SD","Todd County, SD","9","12","9","12","3624","3426","198","3428","3231","197","3438","3219","219","3561","3306","255","3386","3127","259","3370","3082","288","3232","2920","312","3187","2880","307","9.6","3093","2825","268","30549"
"46123","SD","Tripp County, SD","7","11","7","11","3046","2947","99","3007","2920","87","2976","2887","89","2965","2861","104","3285","3166","119","3247","3125","122","3148","3031","117","3104","2997","107","3.4","3128","3028","100","40975"
"46125","SD","Turner County, SD","3","2","3","2","4509","4370","139","4305","4178","127","4271","4130","141","4085","3874","211","4849","4628","221","4810","4612","198","4728","4564","164","4724","4580","144","3","4792","4655","137","53115"
"46127","SD","Union County, SD","3","2","3","2","7732","7479","253","8207","7961","246","8420","8130","290","8544","8032","512","7744","7296","448","7646","7249","397","7811","7441","370","7904","7576","328","4.1","7973","7678","295","66831"
"46129","SD","Walworth County, SD","7","11","7","11","2732","2621","111","2714","2608","106","2681","2565","116","2720","2581","139","2393","2229","164","2361","2195","166","2327","2184","143","2363","2235","128","5.4","2393","2267","126","41030"
"46135","SD","Yankton County, SD","7","8","7","8","11932","11577","355","12299","11984","315","12225","11882","343","12022","11350","672","11428","10869","559","11415","10906","509","11580","11155","425","11542","11158","384","3.3","11398","11056","342","46599"
"46137","SD","Ziebach County, SD","9","12","8","7","942","887","55","865","814","51","846","796","50","890","827","63","1054","993","61","1060","992","68","1056","983","73","1034","970","64","6.2","1014","955","59","30465"
"47000","TN","Tennessee",,,,,"3036029","2878455","157574","3063669","2920352","143317","3054785","2853746","201039","3052678","2733113","319565","3090795","2792063","298732","3130116","2849677","280439","3110571","2868057","242514","3081528","2842200","239328","7.8","3011495","2810862","200633","44268"
"47001","TN","Anderson County, TN","2","2","2","2","36060","34352","1708","35887","34369","1518","35784","33699","2085","36055","32487","3568","34926","31675","3251","35207","32150","3057","34604","31894","2710","33819","31153","2666","7.9","33091","30830","2261","42365"
"47003","TN","Bedford County, TN","6","3","4","3","22353","21180","1173","22991","21887","1104","22479","20953","1526","22424","19683","2741","21082","18436","2646","20924","18586","2338","20335","18378","1957","20064","18256","1808","9","19349","17919","1430","42288"
"47005","TN","Benton County, TN","7","9","7","9","7007","6506","501","7003","6576","427","7056","6439","617","7057","6075","982","7200","6314","886","7141","6330","811","6986","6302","684","6915","6237","678","9.8","6680","6082","598","35559"
"47007","TN","Bledsoe County, TN","8","7","8","7","4908","4589","319","4943","4657","286","4921","4507","414","4933","4241","692","4470","3879","591","4501","3996","505","4322","3876","446","4355","3901","454","10.4","4201","3835","366","35715"
"47009","TN","Blount County, TN","2","2","2","2","62168","59474","2694","62908","60431","2477","63417","59507","3910","63735","57439","6296","61408","55826","5582","61819","56802","5017","60615","56361","4254","59492","55396","4096","6.9","58296","54788","3508","45348"
"47011","TN","Bradley County, TN","3","2","3","2","48448","46019","2429","48328","46164","2164","47543","44501","3042","47675","43149","4526","46448","42086","4362","47514","43301","4213","48919","45338","3581","49571","46048","3523","7.1","48032","45054","2978","42665"
"47013","TN","Campbell County, TN","6","5","2","2","17017","15977","1040","17046","16138","908","16982","15663","1319","16980","14742","2238","16131","14115","2016","16142","14258","1884","15779","14045","1734","15301","13618","1683","11","14857","13467","1390","32325"
"47015","TN","Cannon County, TN","1","1","1","1","6622","6287","335","6445","6133","312","6592","6106","486","6593","5802","791","6082","5405","677","6095","5475","620","6037","5537","500","5913","5461","452","7.6","5832","5470","362","40809"
"47017","TN","Carroll County, TN","6","6","6","6","14083","13191","892","13841","12969","872","13776","12516","1260","13754","11555","2199","13837","11813","2024","13701","12047","1654","13420","11962","1458","13157","11603","1554","11.8","12465","11203","1262","35929"
"47019","TN","Carter County, TN","3","2","3","2","29617","28125","1492","29725","28282","1443","29716","27750","1966","29418","26384","3034","26226","23359","2867","26306","23685","2621","25537","23307","2230","24833","22598","2235","9","23873","22056","1817","32773"
"47021","TN","Cheatham County, TN","1","1","1","1","21032","20177","855","20541","19754","787","20388","19276","1112","20388","18463","1925","20210","18400","1810","20366","18640","1726","20243","18787","1456","20024","18707","1317","6.6","19825","18733","1092","52544"
"47023","TN","Chester County, TN","3","2","3","2","7805","7382","423","7918","7502","416","7947","7394","553","7861","6974","887","8363","7529","834","8547","7770","777","8407","7747","660","8312","7629","683","8.2","8037","7473","564","40779"
"47025","TN","Claiborne County, TN","6","6","6","6","13489","12757","732","13246","12536","710","13332","12331","1001","13178","11588","1590","13619","12149","1470","13704","12194","1510","13375","12062","1313","13068","11665","1403","10.7","12594","11499","1095","32775"
"47027","TN","Clay County, TN","8","4","9","10","3655","3255","400","3528","3248","280","3482","3112","370","3339","2849","490","3312","2912","400","3421","3059","362","3330","2999","331","3108","2776","332","10.7","2966","2692","274","30587"
"47029","TN","Cocke County, TN","6","5","6","5","16387","15193","1194","16605","15563","1042","16501","15052","1449","16642","14316","2326","15881","13717","2164","15798","13723","2075","15512","13745","1767","15036","13408","1628","10.8","14483","13166","1317","30950"
"47031","TN","Coffee County, TN","4","3","4","3","25939","24518","1421","26001","24821","1180","25724","24102","1622","25541","22792","2749","24263","21647","2616","24736","22303","2433","24692","22703","1989","24493","22636","1857","7.6","24462","22920","1542","43375"
"47033","TN","Crockett County, TN","8","7","3","2","6560","6109","451","6596","6191","405","6463","5887","576","6523","5666","857","7278","6434","844","7338","6567","771","7243","6577","666","7052","6400","652","9.2","6784","6251","533","37085"
"47035","TN","Cumberland County, TN","7","8","4","5","23393","21944","1449","23213","21939","1274","23188","21369","1819","23041","20420","2621","23083","20605","2478","23866","21451","2415","23909","21766","2143","23537","21358","2179","9.3","22882","21047","1835","36163"
"47037","TN","Davidson County, TN","1","1","1","1","312437","299241","13196","325361","312929","12432","323870","306349","17521","323043","294328","28715","342404","314469","27935","350779","324283","26496","354584","332634","21950","355735","334797","20938","5.9","353770","335888","17882","47239"
"47039","TN","Decatur County, TN","9","12","9","12","5580","5217","363","5790","5467","323","5674","5194","480","5705","4942","763","5299","4603","696","5336","4719","617","5226","4693","533","5100","4565","535","10.5","4735","4279","456","36213"
"47041","TN","DeKalb County, TN","6","4","6","4","10350","9790","560","10422","9959","463","10170","9491","679","10004","8912","1092","8159","7206","953","8228","7324","904","8051","7298","753","7703","6957","746","9.7","7331","6747","584","37392"
"47043","TN","Dickson County, TN","1","1","1","1","23660","22566","1094","23382","22410","972","23577","21947","1630","23523","20919","2604","23958","21512","2446","24356","22041","2315","24273","22263","2010","23895","22066","1829","7.7","23597","22126","1471","44991"
"47045","TN","Dyer County, TN","5","8","5","8","17807","16782","1025","17554","16685","869","17602","16275","1327","17589","15136","2453","17828","15676","2152","17726","15527","2199","17539","15619","1920","17129","15352","1777","10.4","16513","15133","1380","40158"
"47047","TN","Fayette County, TN","1","1","1","1","17274","16198","1076","18005","16913","1092","18173","16823","1350","18209","16194","2015","18830","16959","1871","18806","17016","1790","18503","16918","1585","18245","16643","1602","8.8","17589","16274","1315","56058"
"47049","TN","Fentress County, TN","9","10","9","10","7689","7181","508","7842","7348","494","8049","7293","756","7977","6908","1069","7407","6489","918","7512","6659","853","7492","6770","722","7434","6719","715","9.6","7096","6503","593","31065"
"47051","TN","Franklin County, TN","6","5","6","5","20309","19146","1163","20283","19286","997","19891","18567","1324","19633","17490","2143","19306","17357","1949","19319","17517","1802","19535","18025","1510","19689","18267","1422","7.2","19561","18361","1200","41477"
"47053","TN","Gibson County, TN","4","6","4","6","21262","19623","1639","21111","19654","1457","21198","19190","2008","21584","18415","3169","23743","20890","2853","23895","21166","2729","22964","20605","2359","22163","19726","2437","11","21130","19223","1907","40083"
"47055","TN","Giles County, TN","6","6","6","4","13567","12597","970","13464","12626","838","13460","12381","1079","13425","11420","2005","14243","12525","1718","14335","12909","1426","14093","12902","1191","14145","12970","1175","8.3","14210","13314","896","39880"
"47057","TN","Grainger County, TN","3","2","2","2","10363","9749","614","10219","9682","537","10243","9428","815","10120","8699","1421","10040","8760","1280","10018","8853","1165","9715","8721","994","9452","8510","942","10","9153","8402","751","35301"
"47059","TN","Greene County, TN","6","5","4","5","32963","30359","2604","31718","29533","2185","30265","27444","2821","29907","25169","4738","30986","27011","3975","30753","27256","3497","30173","27121","3052","30493","27558","2935","9.6","29540","27098","2442","35980"
"47061","TN","Grundy County, TN","8","7","8","7","5941","5465","476","5994","5639","355","5947","5450","497","6016","5167","849","5635","4923","712","5540","4856","684","5547","4993","554","5336","4806","530","9.9","5064","4589","475","26101"
"47063","TN","Hamblen County, TN","3","2","3","2","30674","28904","1770","30399","28963","1436","30293","28141","2152","29971","26169","3802","28403","25120","3283","28347","25289","3058","27664","25095","2569","27037","24622","2415","8.9","26295","24374","1921","38807"
"47065","TN","Hamilton County, TN","2","2","2","2","163857","156599","7258","168789","162123","6666","167906","158356","9550","164214","149419","14795","169043","154963","14080","171994","158670","13324","171566","159801","11765","169072","156881","12191","7.2","163306","152992","10314","47373"
"47067","TN","Hancock County, TN","8","7","8","7","2503","2329","174","2466","2327","139","2561","2349","212","2664","2270","394","2575","2168","407","2432","2096","336","2263","1998","265","2154","1901","253","11.7","2058","1853","205","26000"
"47069","TN","Hardeman County, TN","6","6","6","4","11502","10673","829","11647","10887","760","11581","10585","996","11329","9893","1436","10349","8981","1368","10190","8962","1228","10027","8940","1087","9819","8735","1084","11","9510","8612","898","34766"
"47071","TN","Hardin County, TN","6","6","6","6","11823","11090","733","12014","11360","654","11892","10985","907","11866","10383","1483","11429","10053","1376","11470","10185","1285","11178","10063","1115","11016","9887","1129","10.2","10426","9484","942","36154"
"47073","TN","Hawkins County, TN","3","2","2","2","26623","25091","1532","26405","25196","1209","26981","25172","1809","27491","24386","3105","25559","22782","2777","25755","23231","2524","25137","22963","2174","24728","22611","2117","8.6","23798","22068","1730","36102"
"47075","TN","Haywood County, TN","6","5","6","4","9788","9044","744","9911","9221","690","9490","8493","997","9297","7816","1481","8960","7561","1399","8512","7339","1173","8252","7305","947","8129","7177","952","11.7","7715","6950","765","34557"
"47077","TN","Henderson County, TN","6","6","6","6","12448","11611","837","12167","11382","785","12093","10856","1237","12055","9875","2180","12999","11146","1853","13603","12092","1511","13250","11972","1278","12731","11390","1341","10.5","12127","11064","1063","40960"
"47079","TN","Henry County, TN","7","8","7","8","14345","13320","1025","14172","13294","878","13924","12710","1214","13672","11845","1827","14467","12820","1647","14470","12907","1563","14348","12996","1352","14373","13005","1368","9.5","13818","12681","1137","37327"
"47081","TN","Hickman County, TN","1","1","1","1","10368","9805","563","10107","9560","547","10142","9289","853","10090","8778","1312","10980","9757","1223","10909","9794","1115","10689","9742","947","10536","9661","875","8.3","10356","9669","687","33816"
"47083","TN","Houston County, TN","8","4","8","4","3927","3637","290","3916","3704","212","3864","3551","313","3922","3447","475","3535","3112","423","3571","3175","396","3523","3136","387","3375","3010","365","10.8","3290","2963","327","37743"
"47085","TN","Humphreys County, TN","6","4","6","4","9106","8529","577","9183","8676","507","9023","8260","763","9033","7880","1153","8882","7890","992","8859","7937","922","8686","7865","821","8679","7921","758","8.7","8236","7577","659","41954"
"47087","TN","Jackson County, TN","8","3","8","3","5092","4744","348","4991","4651","340","4980","4551","429","5008","4321","687","4788","4184","604","4755","4202","553","4596","4122","474","4582","4118","464","10.1","4426","4039","387","33158"
"47089","TN","Jefferson County, TN","3","2","3","2","24518","23118","1400","24508","23258","1250","24619","22869","1750","24299","21228","3071","24414","21612","2802","24346","21803","2543","24073","21829","2244","23412","21290","2122","9.1","22784","21075","1709","40490"
"47091","TN","Johnson County, TN","6","7","6","6","7338","6855","483","7415","7000","415","7278","6648","630","7460","6502","958","7446","6491","955","7541","6672","869","7376","6681","695","7365","6701","664","9","7075","6582","493","30652"
"47093","TN","Knox County, TN","2","2","2","2","224145","215313","8832","229804","221965","7839","230189","218720","11469","230341","211705","18636","229800","212757","17043","233705","217627","16078","231677","217563","14114","228127","213785","14342","6.3","223824","211557","12267","49105"
"47095","TN","Lake County, TN","9","10","9","9","2705","2518","187","2721","2562","159","2674","2469","205","2662","2368","294","2175","1934","241","2201","1937","264","2214","1985","229","2188","1969","219","10","2109","1914","195","28391"
"47097","TN","Lauderdale County, TN","6","4","6","4","10074","9266","808","10478","9788","690","10354","9069","1285","10416","8458","1958","10782","9251","1531","10661","9341","1320","10553","9409","1144","10265","9073","1192","11.6","9812","8841","971","32169"
"47099","TN","Lawrence County, TN","6","5","6","3","17168","15234","1934","16755","15399","1356","16624","14997","1627","16870","14269","2601","19340","16962","2378","19288","17275","2013","18783","16987","1796","18202","16394","1808","9.9","17575","16130","1445","39532"
"47101","TN","Lewis County, TN","6","4","6","4","5311","4929","382","5441","5045","396","5462","4914","548","5577","4700","877","5407","4595","812","5261","4584","677","5060","4517","543","5010","4482","528","10.5","4869","4431","438","35097"
"47103","TN","Lincoln County, TN","6","6","6","6","17290","16564","726","17528","16905","623","17214","16366","848","17095","15867","1228","15705","14581","1124","15791","14748","1043","15636","14697","939","15615","14649","966","6.2","15235","14421","814","41453"
"47105","TN","Loudon County, TN","2","2","2","2","22932","21918","1014","23300","22395","905","23563","22230","1333","23654","21363","2291","22352","20280","2072","22598","20669","1929","22387","20719","1668","22156","20459","1697","7.7","21647","20206","1441","53230"
"47107","TN","McMinn County, TN","4","5","4","5","25008","23585","1423","24906","23530","1376","24033","21934","2099","23549","20252","3297","22839","19978","2861","23095","20527","2568","23693","21537","2156","22948","20877","2071","9","22230","20538","1692","40543"
"47109","TN","McNairy County, TN","6","6","6","6","12434","11671","763","12420","11676","744","11522","10477","1045","11077","9526","1551","10497","9149","1348","10414","9242","1172","9792","8797","995","9360","8274","1086","11.6","8944","8000","944","34596"
"47111","TN","Macon County, TN","1","1","1","1","11008","10254","754","10569","9938","631","10638","9752","886","10629","9322","1307","10245","9095","1150","10345","9294","1051","10163","9332","831","10094","9278","816","8.1","9893","9250","643","35432"
"47113","TN","Madison County, TN","3","2","3","2","48455","45843","2612","49023","46606","2417","48674","45396","3278","48374","43230","5144","48201","43363","4838","49142","44576","4566","48687","44743","3944","47721","43875","3846","8.1","46229","43040","3189","40750"
"47115","TN","Marion County, TN","2","2","2","2","13289","12529","760","13154","12378","776","13039","12040","999","12707","11144","1563","12542","11145","1397","12529","11224","1305","12317","11202","1115","12043","10950","1093","9.1","11596","10678","918","42128"
"47117","TN","Marshall County, TN","6","4","6","3","12828","12016","812","13070","12087","983","12591","11428","1163","12507","10332","2175","14400","12382","2018","14449","12803","1646","14346","13005","1341","14391","13213","1178","8.2","14360","13437","923","42363"
"47119","TN","Maury County, TN","4","3","1","1","36975","34952","2023","36916","34037","2879","37574","34526","3048","37374","32225","5149","41469","36374","5095","41391","37146","4245","40859","37620","3239","41082","38058","3024","7.4","40655","38160","2495","46497"
"47121","TN","Meigs County, TN","8","7","8","7","4929","4593","336","4929","4622","307","4968","4527","441","5135","4386","749","4971","4320","651","4989","4396","593","5076","4557","519","5046","4534","512","10.1","4852","4434","418","37874"
"47123","TN","Monroe County, TN","6","6","6","6","19723","18588","1135","19630","18481","1149","18960","17079","1881","18769","15481","3288","19493","17014","2479","19621","17376","2245","19538","17602","1936","19321","17437","1884","9.8","18913","17459","1454","38061"
"47125","TN","Montgomery County, TN","3","2","2","2","69568","66296","3272","68883","65642","3241","68013","63737","4276","69330","63164","6166","75637","69181","6456","77431","70791","6640","78343","72381","5962","77737","71825","5912","7.6","76102","70982","5120","51059"
"47127","TN","Moore County, TN","9","8","9","8","3158","3009","149","3196","3064","132","3165","2989","176","3051","2761","290","3257","3000","257","3347","3116","231","3408","3209","199","3340","3138","202","6","3289","3120","169","50802"
"47129","TN","Morgan County, TN","6","6","2","2","8412","7850","562","8494","8003","491","8565","7914","651","8812","7813","999","8403","7448","955","8486","7573","913","8350","7499","851","8085","7265","820","10.1","7874","7182","692","38027"
"47131","TN","Obion County, TN","7","8","7","8","15911","15025","886","15737","14866","871","15602","14507","1095","15199","13635","1564","15546","14050","1496","15308","13457","1851","14393","12466","1927","13715","12131","1584","11.5","12929","11700","1229","34469"
"47133","TN","Overton County, TN","7","8","7","8","10102","9427","675","10189","9454","735","10114","9206","908","10105","8752","1353","10246","9151","1095","10030","9008","1022","9764","8901","863","9528","8678","850","8.9","9089","8367","722","35457"
"47135","TN","Perry County, TN","8","4","8","4","3318","3096","222","3157","2916","241","2980","2503","477","2831","2178","653","3164","2738","426","3035","2681","354","3125","2821","304","3129","2835","294","9.4","3029","2778","251","33017"
"47137","TN","Pickett County, TN","9","10","9","10","1905","1745","160","1937","1780","157","1893","1690","203","1821","1547","274","2407","2139","268","2440","2163","277","2458","2226","232","2332","2108","224","9.6","2281","2080","201","32398"
"47139","TN","Polk County, TN","3","2","3","2","7439","7021","418","7148","6789","359","7039","6472","567","7080","6187","893","7336","6514","822","7437","6611","826","7508","6775","733","7543","6853","690","9.1","7286","6702","584","37375"
"47141","TN","Putnam County, TN","4","3","4","3","35566","33532","2034","35659","34045","1614","36063","33738","2325","36014","32518","3496","34011","30819","3192","34422","31382","3040","33009","30386","2623","32591","30007","2584","7.9","31832","29649","2183","35554"
"47143","TN","Rhea County, TN","6","6","6","5","13399","12559","840","13174","12410","764","13446","12373","1073","13468","11645","1823","13562","11892","1670","13874","12315","1559","13548","12163","1385","13412","11981","1431","10.7","13155","12038","1117","38860"
"47145","TN","Roane County, TN","4","5","2","2","26998","25542","1456","27068","25877","1191","27239","25636","1603","27483","24975","2508","24323","22089","2234","24463","22271","2192","23941","21912","2029","23214","21183","2031","8.7","22640","20954","1686","42037"
"47147","TN","Robertson County, TN","1","1","1","1","33306","31824","1482","33095","31654","1441","33484","31424","2060","33982","30508","3474","33768","30654","3114","34149","31318","2831","33837","31483","2354","33722","31450","2272","6.7","33390","31490","1900","51093"
"47149","TN","Rutherford County, TN","1","1","1","1","127182","122056","5126","130630","125789","4841","133528","125803","7725","135885","122762","13123","140219","127797","12422","144341","132888","11453","145628","136205","9423","147629","138495","9134","6.2","146720","138984","7736","57056"
"47151","TN","Scott County, TN","6","6","6","6","8825","8232","593","8771","8156","615","8536","7551","985","8519","6956","1563","9253","7680","1573","9153","7552","1601","8795","7437","1358","8614","7375","1239","14.4","8198","7234","964","27749"
"47153","TN","Sequatchie County, TN","2","2","2","2","6112","5835","277","6185","5886","299","6269","5793","476","6309","5530","779","6101","5364","737","6099","5481","618","5969","5479","490","5923","5423","500","8.4","5711","5286","425","46460"
"47155","TN","Sevier County, TN","4","5","4","5","47576","44988","2588","48350","45955","2395","48468","45049","3419","48753","43453","5300","49081","43961","5120","49803","44824","4979","49668","45319","4349","49197","45048","4149","8.4","48433","44959","3474","40444"
"47157","TN","Shelby County, TN","1","1","1","1","444671","419148","25523","446771","424197","22574","440054","409635","30419","438125","393849","44276","448829","405047","43782","452153","409065","43088","447862","409167","38695","441360","401964","39396","8.9","427588","394006","33582","45067"
"47159","TN","Smith County, TN","1","1","1","1","9363","8822","541","9148","8659","489","9260","8505","755","9359","8087","1272","8934","7838","1096","8867","7968","899","8688","7991","697","8536","7886","650","7.6","8424","7894","530","43689"
"47161","TN","Stewart County, TN","3","2","8","7","6313","5831","482","5896","5536","360","5928","5422","506","5915","5210","705","5669","4966","703","5664","4964","700","5554","4948","606","5356","4777","579","10.8","5217","4736","481","43513"
"47163","TN","Sullivan County, TN","3","2","2","2","74291","70919","3372","74033","71092","2941","74632","70674","3958","74989","68394","6595","73637","66974","6663","74724","68565","6159","73152","67685","5467","71816","66402","5414","7.5","69466","64819","4647","40385"
"47165","TN","Sumner County, TN","1","1","1","1","79721","76393","3328","79517","76262","3255","79984","75213","4771","80600","72678","7922","83250","75868","7382","85072","78374","6698","85301","79775","5526","85749","80476","5273","6.1","85191","80697","4494","56077"
"47167","TN","Tipton County, TN","1","1","1","1","27896","26341","1555","28295","26840","1455","28736","26473","2263","29018","25418","3600","29054","25761","3293","28894","25924","2970","28399","25902","2497","28059","25419","2640","9.4","27158","24894","2264","53183"
"47169","TN","Trousdale County, TN","1","1","1","1","3831","3599","232","3686","3477","209","3721","3410","311","3718","3268","450","3742","3336","406","3765","3376","389","3694","3377","317","3663","3356","307","8.4","3617","3361","256","41286"
"47171","TN","Unicoi County, TN","3","2","3","2","8456","7932","524","8429","7988","441","8432","7808","624","8472","7489","983","7919","6973","946","7911","7044","867","7720","6940","780","7423","6657","766","10.3","7125","6483","642","36568"
"47173","TN","Union County, TN","2","2","2","2","8947","8512","435","8826","8435","391","8802","8250","552","8913","7946","967","7763","6927","836","7849","7060","789","7632","6932","700","7416","6731","685","9.2","7205","6653","552","35255"
"47175","TN","Van Buren County, TN","9","10","9","10","2526","2326","200","2505","2356","149","2507","2298","209","2452","2087","365","2342","2033","309","2300","2031","269","2252","1994","258","2202","1949","253","11.5","2098","1896","202","37393"
"47177","TN","Warren County, TN","6","3","6","3","18443","16792","1651","17935","16793","1142","17507","16023","1484","17151","14688","2463","17750","15815","1935","17958","16130","1828","17560","16020","1540","17620","16101","1519","8.6","17153","15950","1203","36327"
"47179","TN","Washington County, TN","3","2","3","2","60380","57650","2730","61604","59119","2485","62201","58702","3499","62614","57165","5449","60672","55393","5279","61378","56465","4913","60489","56232","4257","59026","54800","4226","7.2","57121","53491","3630","41542"
"47181","TN","Wayne County, TN","8","6","8","6","6667","5976","691","6671","6180","491","6641","5973","668","6692","5794","898","6935","6144","791","6822","6091","731","6686","6052","634","6565","5928","637","9.7","6438","5872","566","33318"
"47183","TN","Weakley County, TN","7","9","7","8","15801","14722","1079","15734","14711","1023","15657","14375","1282","15947","13961","1986","16934","15072","1862","16735","14832","1903","16995","15147","1848","16588","14873","1715","10.3","15844","14480","1364","34809"
"47185","TN","White County, TN","7","9","7","9","10908","9920","988","10612","9971","641","10623","9734","889","10682","9168","1514","12333","11036","1297","12504","11274","1230","12261","11059","1202","11931","10793","1138","9.5","11419","10561","858","34320"
"47187","TN","Williamson County, TN","1","1","1","1","87280","84211","3069","88210","84981","3229","89065","84967","4098","89683","82930","6753","94495","88285","6210","97585","91875","5710","99342","94440","4902","101630","96423","5207","5.1","101242","96638","4604","93241"
"47189","TN","Wilson County, TN","1","1","1","1","57827","55252","2575","57487","55167","2320","58531","55177","3354","58741","53438","5303","58517","53617","4900","60151","55623","4528","60880","57008","3872","61735","57870","3865","6.3","61274","58025","3249","59655"
"48000","TX","Texas",,,,,"11327995","10774490","553505","11431631","10941413","490218","11664390","11104115","560275","11910799","11008903","901896","12241970","11244632","997338","12495726","11527028","968698","12678890","11827485","851405","12904629","12104092","800537","6.2","13111548","12447551","663997","51714"
"48001","TX","Anderson County, TX","5","8","7","8","20220","19040","1180","20033","19024","1009","20214","19087","1127","20852","19040","1812","21711","19956","1755","22196","20556","1640","22418","20990","1428","22139","20852","1287","5.8","21800","20756","1044","41279"
"48003","TX","Andrews County, TX","6","5","6","5","6786","6551","235","6678","6465","213","6871","6642","229","6985","6494","491","7120","6681","439","7788","7400","388","8549","8209","340","9208","8860","348","3.8","9587","9306","281","62781"
"48005","TX","Angelina County, TX","5","8","5","8","39965","38111","1854","39625","37905","1720","39083","37234","1849","39961","36681","3280","38067","34825","3242","38079","35083","2996","37885","35283","2602","38100","35661","2439","6.4","38124","36138","1986","41804"
"48007","TX","Aransas County, TX","2","2","2","2","11014","10500","514","10996","10554","442","11389","10890","499","11566","10776","790","9686","8796","890","9804","8948","856","9946","9258","688","10102","9448","654","6.5","10219","9660","559","41666"
"48009","TX","Archer County, TX","3","2","3","2","5449","5266","183","5100","4939","161","5129","4943","186","5001","4705","296","4601","4295","306","4481","4209","272","4372","4134","238","4246","4026","220","5.2","4232","4040","192","56805"
"48011","TX","Armstrong County, TX","3","2","2","2","1103","1064","39","1068","1032","36","1092","1054","38","1060","1012","48","1012","962","50","1035","986","49","1028","982","46","1010","970","40","4","1017","984","33","52122"
"48013","TX","Atascosa County, TX","1","1","1","1","19177","18289","888","18717","17957","760","18903","18021","882","19420","17978","1442","19631","18030","1601","19874","18291","1583","20083","18733","1350","20319","19066","1253","6.2","20630","19627","1003","46631"
"48015","TX","Austin County, TX","1","1","1","1","12695","12148","547","12820","12342","478","13014","12468","546","13214","12246","968","13920","12801","1119","14142","13027","1115","14102","13202","900","14189","13364","825","5.8","14467","13790","677","52042"
"48017","TX","Bailey County, TX","7","11","7","9","3157","3001","156","3277","3137","140","3339","3203","136","3350","3162","188","3258","3001","257","3287","3042","245","3183","2965","218","3058","2842","216","7.1","3028","2873","155","37626"
"48019","TX","Bandera County, TX","1","1","1","1","9742","9331","411","9579","9219","360","9661","9240","421","9817","9176","641","9176","8460","716","9169","8485","684","9129","8536","593","9103","8561","542","6","9246","8811","435","50334"
"48021","TX","Bastrop County, TX","1","1","1","1","34124","32555","1569","33376","31996","1380","33669","32029","1640","34248","31535","2713","35289","32382","2907","35690","32861","2829","35323","32969","2354","36038","33844","2194","6.1","36886","35118","1768","50151"
"48023","TX","Baylor County, TX","6","6","8","6","1922","1843","79","2024","1948","76","2032","1956","76","1962","1852","110","1733","1611","122","1859","1750","109","1865","1772","93","1678","1591","87","5.2","1651","1580","71","34563"
"48025","TX","Bee County, TX","4","5","6","5","11415","10697","718","11178","10523","655","11234","10544","690","11879","10809","1070","10522","9582","940","10582","9676","906","10858","10097","761","11360","10622","738","6.5","10958","10333","625","41804"
"48027","TX","Bell County, TX","2","2","2","2","115516","109785","5731","118579","113309","5270","122365","116433","5932","126877","118431","8446","131835","121669","10166","133359","122678","10681","134202","124286","9916","135808","126519","9289","6.8","135833","127940","7893","50223"
"48029","TX","Bexar County, TX","1","1","1","1","728361","694464","33897","733499","703469","30030","748686","713891","34795","763919","712413","51506","812516","753313","59203","829404","769601","59803","841113","787800","53313","857779","808377","49402","5.8","872682","832117","40565","49655"
"48031","TX","Blanco County, TX","8","4","8","4","4657","4478","179","4764","4609","155","4872","4696","176","5067","4804","263","5419","5096","323","5417","5109","308","5497","5214","283","5560","5302","258","4.6","5684","5476","208","54914"
"48033","TX","Borden County, TX","9","10","8","7","406","388","18","372","357","15","397","384","13","424","401","23","357","334","23","389","368","21","418","401","17","418","402","16","3.8","427","414","13","60443"
"48035","TX","Bosque County, TX","6","6","6","4","8190","7790","400","8167","7821","346","8265","7892","373","8550","7885","665","8450","7706","744","8401","7704","697","8194","7604","590","8110","7590","520","6.4","8168","7744","424","42864"
"48037","TX","Bowie County, TX","3","2","3","2","42705","40438","2267","42908","40897","2011","43472","41323","2149","44185","41259","2926","42211","38648","3563","42304","38806","3498","41569","38493","3076","40676","37626","3050","7.5","39921","37412","2509","41657"
"48039","TX","Brazoria County, TX","1","1","1","1","134697","128003","6694","137904","131893","6011","142335","135102","7233","146139","134316","11823","155227","142043","13184","158508","145755","12753","161380","150569","10811","165003","154961","10042","6.1","168400","159920","8480","66337"
"48041","TX","Brazos County, TX","3","2","3","2","86883","83395","3488","88105","84943","3162","91699","88162","3537","96652","91367","5285","100017","93723","6294","99696","93690","6006","99898","94637","5261","103195","98185","5010","4.9","104564","100476","4088","39732"
"48043","TX","Brewster County, TX","7","11","7","11","5413","5229","184","5217","5046","171","5101","4914","187","5153","4892","261","4912","4644","268","4858","4588","270","4565","4334","231","4170","3941","229","5.5","4141","3948","193","39106"
"48045","TX","Briscoe County, TX","9","12","9","12","693","661","32","712","682","30","703","673","30","714","678","36","734","689","45","721","677","44","644","609","35","631","596","35","5.5","653","625","28","40235"
"48047","TX","Brooks County, TX","6","6","7","9","3029","2841","188","3081","2917","164","3268","3096","172","3308","2999","309","2592","2282","310","2687","2403","284","2719","2486","233","2765","2527","238","8.6","2702","2497","205","27644"
"48049","TX","Brown County, TX","5","8","5","8","19020","18178","842","18504","17752","752","18430","17625","805","19013","17717","1296","16432","15084","1348","16361","15056","1305","16071","14992","1079","15988","14969","1019","6.4","16020","15201","819","38636"
"48051","TX","Burleson County, TX","3","2","3","2","8343","8006","337","7732","7436","296","7883","7539","344","8142","7584","558","7870","7251","619","7758","7194","564","7670","7190","480","7725","7253","472","6.1","7790","7425","365","45732"
"48053","TX","Burnet County, TX","6","4","6","4","21298","20429","869","21718","20970","748","22164","21306","858","22224","20870","1354","20289","18915","1374","20640","19251","1389","20434","19224","1210","20876","19747","1129","5.4","21598","20684","914","49286"
"48055","TX","Caldwell County, TX","1","1","1","1","15882","15108","774","15408","14728","680","15372","14570","802","15740","14428","1312","16661","15225","1436","16844","15426","1418","16854","15648","1206","17185","16069","1116","6.5","17572","16675","897","46021"
"48057","TX","Calhoun County, TX","3","2","6","5","9372","8919","453","9245","8837","408","9378","8934","444","9446","8644","802","10182","9285","897","10592","9691","901","10431","9665","766","10883","10216","667","6.1","11091","10555","536","51004"
"48059","TX","Callahan County, TX","3","2","3","2","7109","6835","274","6924","6691","233","7102","6847","255","7092","6679","413","6002","5566","436","6008","5583","425","5930","5577","353","5934","5602","332","5.6","5950","5690","260","42138"
"48061","TX","Cameron County, TX","2","2","2","2","142935","133567","9368","142753","134375","8378","145893","136275","9618","151405","136689","14716","162316","144171","18145","165684","146670","19014","166386","149282","17104","167620","151081","16539","9.9","167645","153775","13870","33905"
"48063","TX","Camp County, TX","6","6","6","6","5494","5218","276","5549","5299","250","5559","5290","269","5743","5234","509","5697","5181","516","5674","5167","507","5506","5068","438","5532","5133","399","7.2","5244","4928","316","37941"
"48065","TX","Carson County, TX","3","2","2","2","3518","3395","123","3349","3246","103","3286","3177","109","3261","3071","190","3353","3171","182","3422","3252","170","3294","3144","150","3190","3050","140","4.4","3199","3092","107","59252"
"48067","TX","Cass County, TX","6","6","6","6","13030","12269","761","12972","12279","693","12887","12106","781","13337","11824","1513","13337","11844","1493","13294","11880","1414","12834","11659","1175","12637","11486","1151","9.1","12402","11458","944","37546"
"48069","TX","Castro County, TX","6","6","6","6","3230","3080","150","3423","3297","126","3600","3472","128","3693","3516","177","4138","3915","223","4089","3884","205","4063","3885","178","3799","3622","177","4.7","3868","3712","156","40689"
"48071","TX","Chambers County, TX","1","1","1","1","13788","13076","712","13816","13179","637","14270","13463","807","15348","13953","1395","16607","14999","1608","16786","15231","1555","17158","15783","1375","17540","16271","1269","7.2","17803","16791","1012","74915"
"48073","TX","Cherokee County, TX","6","5","6","5","20227","19153","1074","20252","19287","965","20325","19140","1185","20965","19119","1846","21893","19961","1932","22203","20389","1814","22001","20403","1598","21624","20127","1497","6.9","21378","20129","1249","37735"
"48075","TX","Childress County, TX","7","11","7","11","3033","2865","168","3010","2865","145","3052","2900","152","3298","3098","200","3157","2979","178","3082","2923","159","2971","2840","131","2947","2823","124","4.2","2899","2793","106","33919"
"48077","TX","Clay County, TX","3","2","3","2","6449","6206","243","6212","5997","215","6039","5804","235","6074","5657","417","5539","5124","415","5507","5155","352","5321","5025","296","5160","4878","282","5.5","5131","4897","234","50336"
"48079","TX","Cochran County, TX","9","10","9","10","1457","1370","87","1477","1404","73","1501","1430","71","1506","1409","97","1524","1400","124","1497","1370","127","1448","1339","109","1407","1315","92","6.5","1421","1348","73","37242"
"48081","TX","Coke County, TX","8","7","8","7","1349","1275","74","1377","1301","76","1282","1183","99","1322","1215","107","1575","1479","96","1534","1447","87","1474","1399","75","1464","1391","73","5","1475","1413","62","38866"
"48083","TX","Coleman County, TX","6","6","6","6","4273","4091","182","4367","4216","151","4361","4184","177","4381","4079","302","3484","3168","316","3393","3098","295","3314","3069","245","3166","2932","234","7.4","3179","2989","190","33014"
"48085","TX","Collin County, TX","1","1","1","1","384587","368310","16277","395832","380804","15028","405733","387584","18149","414997","384888","30109","425252","394597","30655","438328","408777","29551","447144","420733","26411","459556","434398","25158","5.5","471554","450277","21277","81315"
"48087","TX","Collingsworth County, TX","9","12","9","10","1553","1486","67","1534","1483","51","1475","1418","57","1492","1411","81","1341","1266","75","1306","1230","76","1249","1187","62","1221","1159","62","5.1","1281","1228","53","35389"
"48089","TX","Colorado County, TX","6","4","6","4","10676","10221","455","10442","10070","372","10930","10504","426","10742","10057","685","9596","8816","780","10100","9320","780","10184","9543","641","10138","9561","577","5.7","10461","9999","462","42438"
"48091","TX","Comal County, TX","1","1","1","1","51236","49150","2086","52364","50496","1868","54681","52475","2206","57279","53758","3521","53489","49723","3766","54599","50846","3753","55950","52574","3376","58132","54704","3428","5.9","58965","56294","2671","70322"
"48093","TX","Comanche County, TX","7","9","7","9","6349","6066","283","6462","6219","243","6528","6283","245","6833","6421","412","6025","5570","455","5937","5501","436","5788","5425","363","5674","5346","328","5.8","5615","5344","271","35434"
"48095","TX","Concho County, TX","8","6","8","6","1323","1252","71","1315","1250","65","1327","1259","68","1348","1252","96","1566","1476","90","1577","1502","75","1514","1449","65","1460","1403","57","3.9","1423","1380","43","39035"
"48097","TX","Cooke County, TX","6","3","6","3","20758","19977","781","21646","20879","767","22455","21680","775","21821","20402","1419","19539","18119","1420","20337","19123","1214","20701","19667","1034","20562","19546","1016","4.9","20722","19926","796","53565"
"48099","TX","Coryell County, TX","2","2","2","2","24516","22935","1581","23247","21887","1360","23451","22001","1450","24278","22285","1993","25338","23441","1897","25650","23671","1979","25431","23546","1885","25359","23511","1848","7.3","25294","23777","1517","50161"
"48101","TX","Cottle County, TX","9","12","9","12","789","750","39","819","786","33","829","796","33","799","755","44","669","622","47","667","617","50","666","617","49","627","585","42","6.7","667","629","38","32292"
"48103","TX","Crane County, TX","6","6","6","6","1722","1647","75","1645","1579","66","1703","1634","69","1771","1617","154","1819","1681","138","1917","1790","127","2064","1962","102","2095","2002","93","4.4","2059","1979","80","58901"
"48105","TX","Crockett County, TX","7","11","7","11","2027","1958","69","2068","2008","60","2204","2141","63","2282","2087","195","1721","1575","146","1712","1601","111","1774","1686","88","1889","1795","94","5","1936","1862","74","50243"
"48107","TX","Crosby County, TX","3","2","2","2","2844","2690","154","2638","2514","124","2601","2473","128","2581","2403","178","2951","2716","235","3003","2751","252","2914","2704","210","2778","2614","164","5.9","2796","2668","128","35443"
"48109","TX","Culberson County, TX","9","12","9","12","1636","1585","51","1752","1705","47","1754","1703","51","1809","1737","72","1032","959","73","1016","947","69","988","930","58","1023","972","51","5","1016","974","42","32945"
"48111","TX","Dallam County, TX","7","9","7","11","3021","2920","101","3236","3146","90","3558","3452","106","3756","3600","156","3880","3673","207","4052","3875","177","4024","3876","148","3913","3778","135","3.5","3816","3701","115","42378"
"48113","TX","Dallas County, TX","1","1","1","1","1146694","1088046","58648","1137194","1085427","51767","1140659","1080079","60580","1143197","1049081","94116","1194015","1091493","102522","1211522","1112798","98724","1224215","1137077","87138","1239411","1158493","80918","6.5","1268571","1200663","67908","47902"
"48115","TX","Dawson County, TX","7","8","7","8","5080","4748","332","5074","4812","262","5123","4853","270","5357","4931","426","5136","4741","395","5218","4828","390","5084","4758","326","5019","4702","317","6.3","5008","4758","250","38333"
"48117","TX","Deaf Smith County, TX","6","5","6","5","8209","7861","348","8706","8398","308","8932","8597","335","9138","8662","476","9504","8957","547","9625","9103","522","9332","8894","438","9191","8786","405","4.4","9156","8823","333","37991"
"48119","TX","Delta County, TX","1","1","8","4","2419","2294","125","2301","2193","108","2296","2174","122","2254","2059","195","2596","2391","205","2630","2418","212","2626","2449","177","2646","2480","166","6.3","2707","2545","162","37985"
"48121","TX","Denton County, TX","1","1","1","1","326923","313184","13739","337573","324605","12968","344467","329325","15142","350711","325707","25004","369088","342972","26116","379452","354400","25052","388941","366626","22315","401908","380577","21331","5.3","412700","394540","18160","75099"
"48123","TX","DeWitt County, TX","6","6","6","6","9208","8803","405","8987","8637","350","9043","8673","370","9177","8486","691","9076","8371","705","9468","8858","610","9747","9282","465","9739","9284","455","4.7","10092","9708","384","45937"
"48125","TX","Dickens County, TX","8","7","8","7","1199","1148","51","1176","1131","45","994","944","50","1027","953","74","871","773","98","907","771","136","832","745","87","772","702","70","9.1","756","708","48","35491"
"48127","TX","Dimmit County, TX","6","6","6","6","3827","3538","289","3956","3709","247","3965","3706","259","4199","3779","420","3856","3450","406","4906","4530","376","5766","5433","333","6807","6471","336","4.9","7689","7398","291","35801"
"48129","TX","Donley County, TX","8","7","8","7","1813","1728","85","1805","1727","78","1879","1799","80","1926","1814","112","1810","1685","125","1811","1696","115","1709","1610","99","1995","1895","100","5","1626","1547","79","34861"
"48131","TX","Duval County, TX","7","9","7","9","5234","4952","282","5133","4883","250","5170","4895","275","5254","4680","574","5038","4453","585","5205","4718","487","5433","5054","379","5561","5210","351","6.3","5626","5314","312","35118"
"48133","TX","Eastland County, TX","6","6","6","6","8323","7923","400","8119","7771","348","8444","8069","375","8591","7943","648","8113","7412","701","8410","7770","640","8268","7722","546","8559","8048","511","6","8452","8044","408","39959"
"48135","TX","Ector County, TX","3","2","3","2","65211","62705","2506","66597","64372","2225","70608","68219","2389","71470","65671","5799","68186","62525","5661","72753","68308","4445","77103","73578","3525","79046","75659","3387","4.3","83057","80240","2817","53752"
"48137","TX","Edwards County, TX","9","10","9","12","960","919","41","1001","962","39","1043","1004","39","1076","1000","76","1037","963","74","991","926","65","927","868","59","906","854","52","5.7","866","828","38","35339"
"48139","TX","Ellis County, TX","1","1","1","1","68403","64983","3420","69138","66183","2955","70202","66716","3486","70942","65301","5641","75674","69611","6063","76835","70863","5972","76855","71654","5201","77969","73190","4779","6.1","79731","75854","3877","59257"
"48141","TX","El Paso County, TX","2","2","2","2","291023","271630","19393","291099","274246","16853","297690","279528","18162","307566","280379","27187","340841","309629","31212","346700","313684","33016","348072","318077","29995","349108","321146","27962","8","347884","325240","22644","39748"
"48143","TX","Erath County, TX","7","8","4","3","17741","17041","700","17914","17273","641","18622","17930","692","19196","17985","1211","20499","19179","1320","20673","19425","1248","20067","18955","1112","19923","18860","1063","5.3","20223","19376","847","40346"
"48145","TX","Falls County, TX","6","6","2","2","7063","6626","437","6796","6443","353","6555","6177","378","6670","6089","581","7242","6626","616","7186","6587","599","6930","6415","515","6817","6326","491","7.2","6785","6407","378","34376"
"48147","TX","Fannin County, TX","6","4","6","4","13455","12652","803","13376","12692","684","13435","12661","774","13628","12455","1173","15341","14092","1249","15273","14006","1267","15101","14014","1087","15371","14277","1094","7.1","15479","14637","842","42392"
"48149","TX","Fayette County, TX","6","4","6","4","11981","11543","438","12051","11670","381","12321","11901","420","12261","11590","671","12029","11295","734","12500","11779","721","12532","11928","604","12708","12149","559","4.4","13237","12784","453","50938"
"48151","TX","Fisher County, TX","8","7","8","7","1953","1874","79","1972","1895","77","1981","1906","75","2020","1899","121","1925","1790","135","1940","1811","129","1908","1806","102","1892","1791","101","5.3","1879","1793","86","40691"
"48153","TX","Floyd County, TX","6","6","6","6","3127","2943","184","3131","2970","161","3212","3061","151","3221","3011","210","3372","3105","267","3326","3070","256","3201","2995","206","3134","2860","274","8.7","3101","2883","218","36534"
"48155","TX","Foard County, TX","9","10","9","10","665","636","29","686","661","25","712","683","29","720","679","41","662","618","44","666","617","49","622","586","36","580","550","30","5.2","585","560","25","33484"
"48157","TX","Fort Bend County, TX","1","1","1","1","244549","233014","11535","252965","242849","10116","265383","253772","11611","276806","257050","19756","298162","275453","22709","308129","286279","21850","319337","300343","18994","334499","316320","18179","5.4","341733","326385","15348","87901"
"48159","TX","Franklin County, TX","8","4","7","9","5478","5251","227","5430","5223","207","5302","5080","222","5466","5093","373","4811","4397","414","4750","4366","384","4629","4291","338","4705","4403","302","6.4","4745","4503","242","41497"
"48161","TX","Freestone County, TX","7","9","7","9","10099","9703","396","9890","9533","357","10192","9788","404","10139","9499","640","8149","7478","671","8063","7441","622","8055","7525","530","7883","7348","535","6.8","7760","7319","441","44408"
"48163","TX","Frio County, TX","6","4","6","4","6459","6110","349","6504","6189","315","6861","6495","366","7439","6883","556","7584","7031","553","7969","7450","519","8684","8242","442","9324","8892","432","4.6","10417","10051","366","35405"
"48165","TX","Gaines County, TX","7","9","7","9","6040","5764","276","6399","6163","236","6794","6535","259","7041","6599","442","7935","7464","471","8502","8070","432","8792","8419","373","8949","8580","369","4.1","9398","9096","302","49661"
"48167","TX","Galveston County, TX","1","1","1","1","137491","130476","7015","138036","131749","6287","141815","133876","7939","140480","128942","11538","147321","133867","13454","149737","136532","13205","153242","141557","11685","156333","145662","10671","6.8","159108","150302","8806","60210"
"48169","TX","Garza County, TX","6","6","6","6","2548","2451","97","2425","2343","82","2402","2311","91","2456","2329","127","2143","2017","126","2223","2089","134","2198","2088","110","2247","2146","101","4.5","2287","2207","80","47134"
"48171","TX","Gillespie County, TX","7","9","7","8","12815","12398","417","12904","12548","356","13186","12785","401","13690","13081","609","12199","11533","666","12438","11777","661","12338","11760","578","12472","11929","543","4.4","12563","12115","448","50443"
"48173","TX","Glasscock County, TX","8","7","8","5","579","553","26","600","579","21","630","606","24","652","622","30","704","670","34","747","715","32","764","733","31","747","720","27","3.6","779","758","21","65789"
"48175","TX","Goliad County, TX","3","2","3","2","3439","3301","138","3440","3311","129","3466","3337","129","3383","3150","233","3356","3108","248","3373","3156","217","3481","3291","190","3551","3368","183","5.2","3596","3450","146","48458"
"48177","TX","Gonzales County, TX","6","4","6","4","9727","9338","389","9680","9314","366","9741","9363","378","10126","9568","558","9304","8670","634","9466","8885","581","9462","8984","478","9551","9068","483","5.1","9941","9554","387","37051"
"48179","TX","Gray County, TX","6","5","6","5","10871","10449","422","11155","10781","374","11368","10976","392","11279","10364","915","9282","8485","797","9625","8972","653","9701","9162","539","9821","9322","499","5.1","9856","9455","401","48623"
"48181","TX","Grayson County, TX","3","2","3","2","56189","53472","2717","55226","52706","2520","55534","52693","2841","56774","52260","4514","59489","54620","4869","60144","55397","4747","60068","55955","4113","60753","56977","3776","6.2","60948","58005","2943","44596"
"48183","TX","Gregg County, TX","3","2","3","2","61403","58640","2763","62388","60043","2345","63962","61447","2515","64999","60381","4618","60363","55568","4795","61027","56682","4345","61647","57867","3780","61771","58141","3630","5.9","62036","59056","2980","46501"
"48185","TX","Grimes County, TX","6","4","6","4","10454","9896","558","10447","9967","480","10828","10277","551","11544","10555","989","11320","10312","1008","11609","10706","903","11820","11062","758","11861","11158","703","5.9","11911","11343","568","44486"
"48187","TX","Guadalupe County, TX","1","1","1","1","54238","51905","2333","55441","53362","2079","57728","55278","2450","60038","56180","3858","64924","60560","4364","66714","62395","4319","68356","64483","3873","70355","66536","3819","5.4","71566","68501","3065","59288"
"48189","TX","Hale County, TX","4","5","4","5","16548","15692","856","16208","15458","750","16753","16009","744","17323","16278","1045","16180","14982","1198","16224","15012","1212","15866","14775","1091","14852","12898","1954","13.2","13772","12483","1289","39209"
"48191","TX","Hall County, TX","9","12","9","12","1456","1367","89","1398","1324","74","1436","1357","79","1462","1342","120","1421","1292","129","1399","1278","121","1345","1240","105","1295","1204","91","7","1280","1200","80","30380"
"48193","TX","Hamilton County, TX","6","6","6","6","3999","3832","167","4024","3884","140","4258","4107","151","4352","4108","244","3939","3671","268","3877","3631","246","3752","3535","217","3635","3420","215","5.9","3593","3426","167","39448"
"48195","TX","Hansford County, TX","7","9","7","9","2387","2302","85","2505","2430","75","2647","2562","85","2785","2639","146","3030","2899","131","3044","2921","123","3057","2953","104","3142","3040","102","3.2","3287","3202","85","52207"
"48197","TX","Hardeman County, TX","7","9","9","9","2332","2239","93","2321","2238","83","2329","2247","82","2264","2098","166","1941","1780","161","1870","1742","128","1761","1660","101","1703","1607","96","5.6","1652","1569","83","36726"
"48199","TX","Hardin County, TX","2","2","2","2","25415","24094","1321","25726","24548","1178","26128","24757","1371","27221","24898","2323","25839","23282","2557","26226","23749","2477","25882","23718","2164","25349","23366","1983","7.8","25581","23994","1587","52037"
"48201","TX","Harris County, TX","1","1","1","1","1874936","1780465","94471","1898209","1818000","80209","1933140","1842516","90624","1971402","1822227","149175","2064026","1892849","171177","2109097","1943584","165513","2158385","2015332","143053","2207368","2075068","132300","6","2251628","2140826","110802","52533"
"48203","TX","Harrison County, TX","4","5","4","5","31445","29855","1590","32064","30653","1411","32306","30819","1487","32818","30134","2684","30822","27934","2888","31475","28828","2647","31979","29630","2349","32425","30237","2188","6.7","32409","30642","1767","43777"
"48205","TX","Hartley County, TX","9","9","7","11","2198","2111","87","2287","2214","73","2448","2368","80","2466","2366","100","2695","2583","112","2811","2700","111","2905","2808","97","2943","2852","91","3.1","2880","2806","74","64558"
"48207","TX","Haskell County, TX","6","6","6","6","2943","2828","115","3054","2947","107","3254","3150","104","3240","3076","164","2994","2831","163","3037","2874","163","2776","2629","147","2722","2589","133","4.9","2700","2592","108","34473"
"48209","TX","Hays County, TX","1","1","1","1","69521","66632","2889","73243","70537","2706","76598","73340","3258","78949","73750","5199","80387","74737","5650","83268","77692","5576","85867","80870","4997","90235","85468","4767","5.3","92604","88699","3905","59260"
"48211","TX","Hemphill County, TX","9","12","7","11","2313","2251","62","2646","2592","54","3142","3083","59","2617","2527","90","2130","2046","84","2388","2305","83","2549","2475","74","2485","2411","74","3","2567","2505","62","69124"
"48213","TX","Henderson County, TX","4","3","4","3","34446","32682","1764","34143","32642","1501","34553","32747","1806","35137","32304","2833","34752","31691","3061","35015","32046","2969","34555","31955","2600","34672","32241","2431","7","35125","33183","1942","39069"
"48215","TX","Hidalgo County, TX","2","2","2","2","265667","246227","19440","271679","254038","17641","282305","262201","20104","296567","265434","31133","318302","280884","37418","326225","288356","37869","328304","293518","34786","332303","298245","34058","10.2","334457","305428","29029","34607"
"48217","TX","Hill County, TX","6","4","6","4","15118","14281","837","15362","14652","710","15945","15158","787","16420","15136","1284","15940","14604","1336","15875","14572","1303","15811","14722","1089","16028","15010","1018","6.4","15947","15106","841","40253"
"48219","TX","Hockley County, TX","6","5","6","5","11344","10875","469","11376","10969","407","11936","11497","439","12196","11375","821","11030","10252","778","11350","10633","717","11797","11176","621","11969","11374","595","5","12138","11666","472","50047"
"48221","TX","Hood County, TX","4","3","1","1","22995","21877","1118","23773","22805","968","25244","24195","1049","26231","24341","1890","23352","21363","1989","23605","21737","1868","23791","22249","1542","24102","22657","1445","6","24400","23215","1185","59053"
"48223","TX","Hopkins County, TX","6","3","6","3","17341","16617","724","16946","16302","644","17539","16823","716","17826","16744","1082","16624","15386","1238","16837","15613","1224","17083","15993","1090","17332","16348","984","5.7","17581","16758","823","41863"
"48225","TX","Houston County, TX","7","9","7","9","8048","7558","490","7853","7396","457","7968","7459","509","8214","7463","751","10538","9730","808","10664","9823","841","10106","9373","733","9921","9278","643","6.5","9757","9245","512","34777"
"48227","TX","Howard County, TX","5","8","4","5","13660","13001","659","13881","13319","562","13974","13342","632","14327","13282","1045","13223","12275","948","13247","12381","866","13413","12660","753","13622","12895","727","5.3","13687","13087","600","46636"
"48229","TX","Hudspeth County, TX","8","7","2","2","1424","1326","98","1525","1449","76","1592","1530","62","1719","1626","93","1413","1301","112","1385","1276","109","1323","1228","95","1297","1209","88","6.8","1310","1230","80","31354"
"48231","TX","Hunt County, TX","1","1","1","1","38463","36470","1993","37612","35895","1717","36921","34973","1948","36422","33442","2980","38126","34732","3394","38395","35016","3379","38427","35270","3157","38290","35491","2799","7.3","39024","36780","2244","44361"
"48233","TX","Hutchinson County, TX","6","5","6","5","10997","10518","479","11086","10649","437","11220","10762","458","11354","10585","769","9707","8887","820","9897","9126","771","9824","9196","628","9810","9212","598","6.1","10554","10092","462","50060"
"48235","TX","Irion County, TX","3","2","3","2","993","958","35","924","897","27","887","856","31","921","873","48","873","827","46","877","830","47","853","814","39","855","819","36","4.2","867","835","32","58826"
"48237","TX","Jack County, TX","6","4","6","4","4360","4180","180","4969","4819","150","5444","5274","170","5277","4948","329","3664","3377","287","3709","3454","255","3804","3588","216","4023","3812","211","5.2","4381","4216","165","50168"
"48239","TX","Jackson County, TX","6","6","6","6","6400","6108","292","6632","6384","248","6806","6532","274","6922","6411","511","7131","6629","502","7349","6892","457","7443","7063","380","7470","7100","370","5","7683","7383","300","48338"
"48241","TX","Jasper County, TX","6","6","6","6","15573","14602","971","15478","14614","864","15463","14494","969","15935","14324","1611","14841","13004","1837","15016","13171","1845","14915","13339","1576","14557","13058","1499","10.3","14624","13442","1182","39414"
"48243","TX","Jeff Davis County, TX","9","10","9","12","1197","1149","48","1180","1141","39","1191","1148","43","1200","1143","57","1273","1210","63","1250","1188","62","1216","1157","59","1167","1119","48","4.1","1172","1129","43","44234"
"48245","TX","Jefferson County, TX","2","2","2","2","111888","105151","6737","112121","106045","6076","113774","106314","7460","115438","104421","11017","113217","100371","12846","115366","102233","13133","113657","101130","12527","111604","99594","12010","10.8","111452","102266","9186","42099"
"48247","TX","Jim Hogg County, TX","6","6","6","6","2690","2575","115","2735","2633","102","2768","2664","104","3008","2776","232","2329","2089","240","2325","2127","198","2347","2197","150","2334","2170","164","7","2275","2143","132","35854"
"48249","TX","Jim Wells County, TX","4","5","4","5","20439","19492","947","21118","20288","830","21466","20570","896","21655","19697","1958","18257","16437","1820","19721","18188","1533","20637","19393","1244","20207","18990","1217","6","20248","19195","1053","41249"
"48251","TX","Johnson County, TX","1","1","1","1","72573","69244","3329","71728","68780","2948","73137","69800","3337","74920","68795","6125","71940","65703","6237","72685","67058","5627","73198","68356","4842","73951","69475","4476","6.1","74914","71185","3729","55960"
"48253","TX","Jones County, TX","3","2","3","2","7985","7567","418","7624","7267","357","7766","7385","381","7766","7171","595","6161","5621","540","6131","5626","505","5907","5484","423","5868","5479","389","6.6","5892","5571","321","40621"
"48255","TX","Karnes County, TX","6","4","6","4","5321","4997","324","5193","4906","287","5282","4975","307","5481","4989","492","4869","4427","442","4884","4505","379","5291","4969","322","5646","5346","300","5.3","6247","6011","236","43413"
"48257","TX","Kaufman County, TX","1","1","1","1","44396","42182","2214","45212","43114","2098","46316","43891","2425","46868","43003","3865","50807","46496","4311","51494","47357","4137","51660","48073","3587","52641","49329","3312","6.3","53886","51141","2745","61004"
"48259","TX","Kendall County, TX","1","1","1","1","15059","14477","582","15371","14841","530","16134","15526","608","16712","15767","945","16412","15391","1021","16908","15883","1025","17488","16544","944","18313","17394","919","5","18649","17902","747","75860"
"48261","TX","Kenedy County, TX","9","8","9","8","244","237","7","236","229","7","238","230","8","235","221","14","219","204","15","238","223","15","254","241","13","298","286","12","4","349","339","10","38088"
"48263","TX","Kent County, TX","9","10","9","10","404","388","16","423","409","14","441","423","18","463","439","24","559","532","27","554","528","26","552","531","21","533","513","20","3.8","525","508","17","41038"
"48265","TX","Kerr County, TX","4","3","4","3","22493","21585","908","22532","21758","774","23078","22169","909","23323","21976","1347","21919","20457","1462","21813","20361","1452","21708","20448","1260","21561","20385","1176","5.5","21628","20688","940","42456"
"48267","TX","Kimble County, TX","7","9","7","9","2223","2139","84","2229","2155","74","2195","2114","81","2145","2033","112","2276","2140","136","2231","2093","138","2192","2084","108","2171","2065","106","4.9","2165","2082","83","38019"
"48269","TX","King County, TX","9","12","9","12","160","153","7","175","167","8","178","170","8","196","186","10","278","266","12","288","277","11","247","236","11","240","229","11","4.6","231","221","10","56680"
"48271","TX","Kinney County, TX","9","10","7","10","1332","1255","77","1354","1291","63","1373","1301","72","1436","1325","111","1270","1128","142","1269","1142","127","1261","1153","108","1218","1107","111","9.1","1223","1136","87","41271"
"48273","TX","Kleberg County, TX","4","5","4","5","16195","15464","731","15963","15310","653","16515","15821","694","17029","15885","1144","15030","13774","1256","15363","14146","1217","15418","14369","1049","15495","14507","988","6.4","15424","14594","830","39261"
"48275","TX","Knox County, TX","9","12","9","12","1757","1684","73","1806","1740","66","1806","1738","68","1832","1726","106","1909","1797","112","1905","1795","110","1818","1723","95","1759","1666","93","5.3","1745","1670","75","34419"
"48277","TX","Lamar County, TX","4","3","5","8","23642","22376","1266","24128","23018","1110","23489","22236","1253","23503","21705","1798","23300","21135","2165","23363","21080","2283","22650","20576","2074","22369","20584","1785","8","22250","20896","1354","37593"
"48279","TX","Lamb County, TX","6","6","6","6","7033","6710","323","6969","6692","277","7090","6780","310","7081","6576","505","6797","6283","514","6726","6217","509","6469","5955","514","6170","5752","418","6.8","6214","5857","357","36717"
"48281","TX","Lampasas County, TX","2","2","2","2","10492","10075","417","10107","9738","369","10287","9871","416","10492","9883","609","9020","8379","641","9130","8442","688","9095","8451","644","9163","8514","649","7.1","9126","8618","508","48746"
"48283","TX","La Salle County, TX","6","6","6","6","2738","2601","137","2754","2621","133","2907","2752","155","2920","2650","270","2722","2479","243","3133","2924","209","3672","3510","162","4194","4038","156","3.7","4599","4458","141","35491"
"48285","TX","Lavaca County, TX","6","6","6","6","10226","9856","370","10104","9791","313","9906","9566","340","10006","9437","569","9703","9033","670","9611","9043","568","9488","9031","457","9265","8835","430","4.6","9075","8721","354","43827"
"48287","TX","Lee County, TX","6","4","6","4","8792","8445","347","8865","8560","305","8990","8642","348","9113","8505","608","8227","7631","596","8859","8291","568","9139","8652","487","9173","8711","462","5","9332","8958","374","52088"
"48289","TX","Leon County, TX","8","7","8","7","7616","7237","379","7562","7252","310","7795","7463","332","8250","7671","579","7263","6620","643","7150","6533","617","6956","6447","509","6987","6512","475","6.8","7182","6799","383","43617"
"48291","TX","Liberty County, TX","1","1","1","1","30646","28892","1754","30617","29033","1584","30840","29027","1813","31455","28264","3191","30614","27040","3574","30758","27352","3406","30883","27945","2938","31086","28386","2700","8.7","31466","29290","2176","46176"
"48293","TX","Limestone County, TX","6","6","6","6","10231","9750","481","10322","9891","431","10725","10263","462","11233","10528","705","9938","9155","783","9563","8777","786","9609","8951","658","9516","8882","634","6.7","9282","8745","537","36537"
"48295","TX","Lipscomb County, TX","9","12","9","12","1734","1677","57","1840","1793","47","1806","1755","51","1730","1613","117","1665","1567","98","1742","1662","80","1759","1691","68","1727","1660","67","3.9","1743","1685","58","56484"
"48297","TX","Live Oak County, TX","6","6","8","7","5051","4824","227","5027","4834","193","5107","4892","215","5197","4833","364","4631","4292","339","5229","4920","309","5772","5509","263","6055","5794","261","4.3","6278","6060","218","49726"
"48299","TX","Llano County, TX","7","11","7","11","8133","7755","378","8151","7829","322","8429","8072","357","8522","7932","590","7994","7350","644","8009","7389","620","8072","7525","547","8138","7620","518","6.4","8154","7734","420","45669"
"48301","TX","Loving County, TX","9","10","9","12","38","34","4","41","38","3","43","40","3","43","39","4","71","67","4","66","62","4","67","63","4","76","72","4","5.3","80","76","4","44407"
"48303","TX","Lubbock County, TX","3","2","2","2","137550","132153","5397","136021","131183","4838","138386","133296","5090","141963","134337","7626","143339","134372","8967","145707","136969","8738","145713","137944","7769","147996","140760","7236","4.9","148679","142874","5805","46223"
"48305","TX","Lynn County, TX","6","6","2","2","2741","2589","152","2674","2544","130","2768","2640","128","2870","2699","171","3069","2867","202","3084","2879","205","2957","2777","180","2870","2720","150","5.2","2899","2773","126","37678"
"48307","TX","McCulloch County, TX","7","9","7","9","3708","3541","167","3700","3559","141","3979","3824","155","3936","3624","312","4097","3810","287","4356","4098","258","4406","4169","237","4289","4065","224","5.2","4110","3935","175","38408"
"48309","TX","McLennan County, TX","3","2","2","2","111630","106324","5306","110278","105656","4622","110920","105956","4964","113759","106094","7665","112900","104593","8307","113245","104872","8373","112424","104988","7436","112595","105709","6886","6.1","112604","106878","5726","41066"
"48311","TX","McMullen County, TX","8","4","9","12","341","321","20","336","319","17","333","315","18","360","335","25","487","466","21","659","639","20","744","727","17","886","863","23","2.6","1117","1098","19","56686"
"48313","TX","Madison County, TX","6","6","6","6","4944","4686","258","4980","4751","229","4977","4720","257","5328","4934","394","4753","4353","400","4678","4291","387","4655","4328","327","4838","4528","310","6.4","5075","4828","247","37460"
"48315","TX","Marion County, TX","8","7","8","7","4999","4735","264","5072","4842","230","5000","4750","250","5132","4603","529","4503","3972","531","4418","3959","459","4346","3958","388","4545","4192","353","7.8","4511","4225","286","36090"
"48317","TX","Martin County, TX","6","6","3","2","2127","2039","88","2130","2054","76","2233","2155","78","2246","2138","108","2196","2064","132","2349","2218","131","2417","2308","109","2562","2454","108","4.2","2703","2612","91","50004"
"48319","TX","Mason County, TX","9","12","9","10","2428","2356","72","2372","2307","65","2346","2276","70","2399","2279","120","1991","1866","125","1964","1846","118","1971","1868","103","1966","1860","106","5.4","1940","1850","90","42087"
"48321","TX","Matagorda County, TX","4","3","4","3","15965","14847","1118","16480","15508","972","17035","15899","1136","17837","16059","1778","18158","16075","2083","17778","15721","2057","17113","15385","1728","16904","15280","1624","9.6","16892","15572","1320","42036"
"48323","TX","Maverick County, TX","5","8","5","8","19535","17030","2505","19826","17576","2250","20816","18619","2197","22722","19467","3255","23525","19959","3566","23894","20545","3349","23381","20460","2921","23735","20800","2935","12.4","23520","20960","2560","32073"
"48325","TX","Medina County, TX","1","1","1","1","19749","18850","899","19395","18592","803","19712","18727","985","19878","18553","1325","20017","18509","1508","20225","18720","1505","20218","18898","1320","20400","19173","1227","6","20742","19741","1001","53714"
"48327","TX","Menard County, TX","8","7","9","12","1067","1023","44","1066","1029","37","1089","1042","47","1103","1030","73","1004","930","74","945","877","68","973","912","61","923","869","54","5.9","901","859","42","31390"
"48329","TX","Midland County, TX","3","2","3","2","69629","67308","2321","71276","69256","2020","75209","73067","2142","74935","70765","4170","71331","67155","4176","76618","72979","3639","82271","79086","3185","86397","83269","3128","3.6","91588","88987","2601","71151"
"48331","TX","Milam County, TX","6","4","6","4","12106","11557","549","12218","11712","506","11973","11329","644","11455","10208","1247","10539","9362","1177","10398","9344","1054","10276","9405","871","10145","9374","771","7.6","10244","9612","632","40120"
"48333","TX","Mills County, TX","9","10","9","10","2401","2305","96","2291","2208","83","2337","2247","90","2450","2319","131","2190","2051","139","2170","2034","136","2103","1989","114","2079","1971","108","5.2","2064","1973","91","40318"
"48335","TX","Mitchell County, TX","7","9","7","9","3360","3163","197","3273","3105","168","3297","3119","178","3498","3207","291","2971","2727","244","2939","2720","219","2878","2708","170","2889","2731","158","5.5","2923","2792","131","47677"
"48337","TX","Montague County, TX","6","4","6","4","9980","9577","403","10256","9898","358","10648","10272","376","10695","9934","761","9424","8670","754","9594","8972","622","9854","9326","528","10405","9899","506","4.9","10406","9998","408","41516"
"48339","TX","Montgomery County, TX","1","1","1","1","195209","186669","8540","202727","194979","7748","212306","203395","8911","220240","205009","15231","224426","207496","16930","231606","215255","16351","239385","225174","14211","247251","234013","13238","5.4","252448","241416","11032","69317"
"48341","TX","Moore County, TX","6","5","7","8","10371","10021","350","10644","10337","307","11237","10892","345","11510","10976","534","11549","10930","619","11750","11184","566","11596","11096","500","11483","11000","483","4.2","11395","10997","398","46991"
"48343","TX","Morris County, TX","6","6","6","6","6155","5824","331","6044","5730","314","6064","5703","361","6080","5177","903","5769","4975","794","5808","5112","696","5838","5272","566","5855","5304","551","9.4","5676","5241","435","36366"
"48345","TX","Motley County, TX","8","7","9","12","630","605","25","683","656","27","691","661","30","686","649","37","624","585","39","593","552","41","521","491","30","504","474","30","6","492","470","22","37159"
"48347","TX","Nacogdoches County, TX","5","8","5","8","30710","29265","1445","30250","29007","1243","30808","29484","1324","31827","29766","2061","30782","28593","2189","30604","28468","2136","29585","27629","1956","29328","27442","1886","6.4","28817","27267","1550","36775"
"48349","TX","Navarro County, TX","4","3","4","3","21095","19931","1164","20632","19629","1003","20892","19756","1136","21318","19645","1673","22776","20878","1898","23074","21201","1873","23273","21577","1696","23492","21956","1536","6.5","23435","22207","1228","38423"
"48351","TX","Newton County, TX","8","7","2","2","5658","5254","404","5750","5382","368","5721","5304","417","5853","5182","671","5939","5185","754","6036","5268","768","5807","5167","640","5623","5024","599","10.7","5621","5161","460","38544"
"48353","TX","Nolan County, TX","6","5","6","5","7580","7255","325","7535","7260","275","7707","7412","295","7857","7364","493","7331","6781","550","7345","6832","513","7094","6677","417","6993","6599","394","5.6","7122","6816","306","35846"
"48355","TX","Nueces County, TX","2","2","2","2","157316","149713","7603","157697","151010","6687","162404","155143","7261","165625","154451","11174","162502","149312","13190","164149","151122","13027","167122","156179","10943","168914","158690","10224","6.1","170802","162220","8582","48324"
"48357","TX","Ochiltree County, TX","7","11","7","11","5086","4933","153","5226","5090","136","5611","5458","153","5502","5176","326","4868","4580","288","5103","4858","245","5324","5119","205","5451","5248","203","3.7","5645","5475","170","60650"
"48359","TX","Oldham County, TX","8","7","2","2","1017","976","41","932","896","36","902","862","40","923","871","52","961","917","44","979","937","42","951","911","40","964","922","42","4.4","971","935","36","52431"
"48361","TX","Orange County, TX","2","2","2","2","40968","38592","2376","40595","38499","2096","41201","38584","2617","41400","37325","4075","38466","33983","4483","39151","34650","4501","38884","34844","4040","38065","34171","3894","10.2","38114","35085","3029","51340"
"48363","TX","Palo Pinto County, TX","6","3","6","3","14387","13775","612","13864","13358","506","14014","13435","579","14210","13096","1114","13254","12111","1143","13466","12406","1060","13423","12523","900","13431","12563","868","6.5","13450","12763","687","39660"
"48365","TX","Panola County, TX","6","6","6","6","11995","11479","516","12376","11909","467","12999","12499","500","13199","12230","969","11404","10373","1031","11927","10960","967","12315","11485","830","12788","12011","777","6.1","12939","12319","620","49792"
"48367","TX","Parker County, TX","1","1","1","1","51851","49486","2365","52087","50013","2074","53223","50895","2328","54611","50466","4145","56408","52113","4295","57310","53366","3944","57968","54526","3442","58901","55674","3227","5.5","59755","57047","2708","61199"
"48369","TX","Parmer County, TX","7","9","7","9","4369","4204","165","4352","4216","136","4471","4322","149","4622","4419","203","5353","5117","236","5288","5053","235","5008","4803","205","5088","4893","195","3.8","5161","5000","161","41784"
"48371","TX","Pecos County, TX","7","11","7","11","6713","6403","310","6555","6281","274","7055","6742","313","8410","7687","723","7180","6653","527","7189","6763","426","6996","6639","357","6729","6370","359","5.3","6870","6584","286","43766"
"48373","TX","Polk County, TX","6","4","6","4","16914","15894","1020","16600","15638","962","16766","15735","1031","17978","16347","1631","17563","15861","1702","17637","15993","1644","17560","16148","1412","17436","16099","1337","7.7","17343","16226","1117","39833"
"48375","TX","Potter County, TX","3","2","2","2","57651","55232","2419","56684","54536","2148","56622","54363","2259","57625","54156","3469","58038","54385","3653","58712","55227","3485","58376","55259","3117","57753","54877","2876","5","57734","55456","2278","37366"
"48377","TX","Presidio County, TX","7","11","7","11","3214","2876","338","3209","2925","284","3343","2997","346","3744","3139","605","3743","3052","691","3778","3205","573","3828","3321","507","3767","3288","479","12.7","3466","3064","402","32766"
"48379","TX","Rains County, TX","8","4","8","4","5120","4874","246","5118","4903","215","5056","4801","255","5116","4707","409","5166","4712","454","5164","4741","423","5235","4870","365","5358","5032","326","6.1","5470","5200","270","42183"
"48381","TX","Randall County, TX","3","2","2","2","66827","64646","2181","66973","65024","1949","67704","65608","2096","69158","65971","3187","66245","62819","3426","68072","64704","3368","68167","65161","3006","68789","65859","2930","4.3","68926","66555","2371","60439"
"48383","TX","Reagan County, TX","6","6","6","6","2286","2230","56","2395","2346","49","2542","2490","52","2215","2082","133","1912","1806","106","2016","1928","88","2079","2008","71","1966","1889","77","3.9","2052","1988","64","61724"
"48385","TX","Real County, TX","9","10","9","10","1344","1279","65","1372","1319","53","1458","1404","54","1537","1452","85","1137","1033","104","1133","1023","110","1065","968","97","1062","982","80","7.5","1066","1002","64","34556"
"48387","TX","Red River County, TX","6","6","6","6","6228","5887","341","6056","5757","299","5924","5543","381","6010","5460","550","5580","4936","644","5487","4825","662","5265","4703","562","5158","4645","513","9.9","4966","4578","388","31409"
"48389","TX","Reeves County, TX","7","8","7","8","4122","3870","252","4089","3878","211","4177","3938","239","4687","4151","536","5748","5239","509","5547","5095","452","5359","4988","371","5669","5328","341","6","5823","5584","239","37053"
"48391","TX","Refugio County, TX","6","6","6","6","3807","3634","173","3863","3721","142","4036","3881","155","4141","3875","266","3328","3037","291","3412","3158","254","3505","3300","205","3575","3385","190","5.3","3648","3491","157","45214"
"48393","TX","Roberts County, TX","9","8","9","10","554","537","17","561","548","13","568","554","14","583","555","28","480","454","26","479","456","23","472","448","24","451","432","19","4.2","443","428","15","70127"
"48395","TX","Robertson County, TX","3","2","3","2","7459","7100","359","6906","6562","344","6938","6596","342","7221","6656","565","7561","6865","696","7536","6846","690","7289","6709","580","7305","6807","498","6.8","7356","6971","385","40631"
"48397","TX","Rockwall County, TX","1","1","1","1","35178","33628","1550","36927","35492","1435","38135","36433","1702","39332","36512","2820","39439","36524","2915","40586","37711","2875","41223","38678","2545","42429","40014","2415","5.7","43404","41469","1935","92466"
"48399","TX","Runnels County, TX","6","6","6","6","4395","4161","234","4415","4223","192","4456","4245","211","4561","4220","341","5129","4702","427","5106","4731","375","5065","4784","281","4998","4737","261","5.2","5070","4860","210","36769"
"48401","TX","Rusk County, TX","3","2","3","2","22891","21834","1057","23413","22450","963","24069","23046","1023","24266","22379","1887","23961","22091","1870","24267","22560","1707","24607","23063","1544","24399","22899","1500","6.1","24468","23270","1198","44349"
"48403","TX","Sabine County, TX","9","12","8","7","3416","3120","296","3384","3113","271","3392","3090","302","3540","3010","530","3654","3058","596","3459","2915","544","3388","2897","491","3572","3115","457","12.8","3599","3221","378","37576"
"48405","TX","San Augustine County, TX","9","10","9","10","3545","3324","221","3498","3310","188","3500","3285","215","3605","3242","363","3193","2779","414","3149","2706","443","3026","2662","364","2945","2606","339","11.5","2844","2570","274","32140"
"48407","TX","San Jacinto County, TX","1","1","8","4","9939","9360","579","9972","9460","512","10072","9495","577","10139","9197","942","11230","10110","1120","11357","10263","1094","11478","10537","941","11493","10633","860","7.5","11478","10817","661","42320"
"48409","TX","San Patricio County, TX","2","2","2","2","29405","27805","1600","29076","27668","1408","29870","28293","1577","30628","28009","2619","30434","27243","3191","30209","27276","2933","30444","28150","2294","30771","28584","2187","7.1","31155","29229","1926","46781"
"48411","TX","San Saba County, TX","7","9","7","9","2555","2430","125","2470","2356","114","2411","2280","131","2455","2281","174","2559","2401","158","2521","2367","154","2299","2154","145","2283","2152","131","5.7","2256","2152","104","36030"
"48413","TX","Schleicher County, TX","8","7","8","7","1356","1305","51","1415","1366","49","1469","1420","49","1510","1369","141","1634","1510","124","1698","1602","96","1782","1711","71","1810","1747","63","3.5","1802","1748","54","50402"
"48415","TX","Scurry County, TX","7","8","7","8","7111","6779","332","7288","7014","274","7541","7241","300","7763","7240","523","7101","6619","482","7401","6982","419","8123","7761","362","8599","8245","354","4.1","8659","8369","290","53219"
"48417","TX","Shackelford County, TX","8","7","8","7","2011","1950","61","2045","1992","53","2144","2088","56","2127","2042","85","1904","1798","106","2005","1911","94","2215","2137","78","2306","2231","75","3.3","2443","2376","67","51116"
"48419","TX","Shelby County, TX","6","6","7","9","11942","11355","587","12175","11665","510","12421","11834","587","12613","11696","917","11839","10837","1002","11963","10944","1019","12129","11254","875","11665","10814","851","7.3","11678","10998","680","36565"
"48421","TX","Sherman County, TX","9","10","9","10","1312","1260","52","1341","1295","46","1455","1401","54","1444","1381","63","1555","1484","71","1576","1505","71","1505","1442","63","1486","1426","60","4","1520","1471","49","48054"
"48423","TX","Smith County, TX","3","2","3","2","96249","91791","4458","96729","92718","4011","98652","93896","4756","100397","92806","7591","101151","93110","8041","102054","94123","7931","101824","94684","7140","102005","95403","6602","6.5","102952","97622","5330","47711"
"48425","TX","Somervell County, TX","8","3","1","1","3746","3567","179","3887","3716","171","4107","3924","183","4224","3924","300","4043","3721","322","4082","3765","317","4146","3872","274","4161","3913","248","6","4221","4009","212","56282"
"48427","TX","Starr County, TX","4","5","4","5","21432","18955","2477","21264","19022","2242","22243","19728","2515","24428","20415","4013","26074","21565","4509","26146","21915","4231","26044","22269","3775","26412","22497","3915","14.8","26234","22690","3544","25408"
"48429","TX","Stephens County, TX","7","11","7","11","4419","4240","179","4470","4314","156","4679","4510","169","4629","4316","313","4245","3928","317","4434","4092","342","4386","4127","259","4223","4007","216","5.1","4313","4127","186","43779"
"48431","TX","Sterling County, TX","8","7","8","7","870","843","27","790","768","22","849","825","24","855","819","36","675","643","32","682","649","33","720","695","25","755","726","29","3.8","805","783","22","57266"
"48433","TX","Stonewall County, TX","8","7","9","12","874","845","29","878","850","28","860","832","28","849","813","36","746","703","43","746","705","41","749","716","33","710","677","33","4.6","717","689","28","42158"
"48435","TX","Sutton County, TX","7","11","7","11","2832","2757","75","3105","3040","65","3515","3446","69","3449","3204","245","1990","1799","191","1942","1814","128","2011","1918","93","2073","1980","93","4.5","2076","2003","73","59098"
"48437","TX","Swisher County, TX","6","6","6","6","3500","3346","154","3486","3338","148","3556","3399","157","3648","3439","209","3182","2973","209","3150","2938","212","3051","2871","180","2974","2725","249","8.4","2909","2730","179","35601"
"48439","TX","Tarrant County, TX","1","1","1","1","859737","819239","40498","868680","831857","36823","880826","838778","42048","896305","827369","68936","924951","849576","75375","949924","878112","71812","966855","903988","62867","985073","926106","58967","6","998520","948786","49734","56906"
"48441","TX","Taylor County, TX","3","2","3","2","66352","63802","2550","65430","63191","2239","67133","64668","2465","67826","64023","3803","64285","59931","4354","64618","60387","4231","64507","60879","3628","64895","61515","3380","5.2","65174","62435","2739","44081"
"48443","TX","Terrell County, TX","9","10","9","12","386","365","21","357","339","18","330","308","22","382","347","35","501","467","34","517","485","32","549","523","26","526","501","25","4.8","506","485","21","36712"
"48445","TX","Terry County, TX","6","6","6","6","5619","5330","289","5712","5452","260","5860","5617","243","6029","5615","414","5756","5328","428","5848","5433","415","5669","5298","371","5554","5228","326","5.9","5608","5363","245","37489"
"48447","TX","Throckmorton County, TX","9","12","9","12","971","937","34","969","933","36","942","910","32","1033","983","50","877","824","53","871","811","60","831","787","44","798","759","39","4.9","838","805","33","41582"
"48449","TX","Titus County, TX","7","8","7","8","14488","13868","620","14278","13748","530","14104","13504","600","14308","13274","1034","13988","12795","1193","13704","12582","1122","13271","12281","990","13120","12159","961","7.3","13075","12253","822","40501"
"48451","TX","Tom Green County, TX","3","2","3","2","52123","49975","2148","51711","49822","1889","51656","49548","2108","52792","49458","3334","52595","49149","3446","53221","49896","3325","53821","50959","2862","54443","51664","2779","5.1","54752","52541","2211","45405"
"48453","TX","Travis County, TX","1","1","1","1","515190","494371","20819","528962","510019","18943","536895","514368","22527","547413","510814","36599","575630","536660","38970","593579","555795","37784","612753","579041","33712","632318","600742","31576","5","649426","623322","26104","60372"
"48455","TX","Trinity County, TX","8","4","7","8","5751","5420","331","5840","5563","277","5793","5479","314","5905","5405","500","5783","5232","551","5712","5169","543","5573","5122","451","5580","5175","405","7.3","5600","5265","335","33447"
"48457","TX","Tyler County, TX","6","7","6","6","8194","7682","512","8044","7607","437","8239","7749","490","8442","7620","822","7904","6973","931","7834","6893","941","7582","6775","807","7624","6851","773","10.1","7621","7011","610","40986"
"48459","TX","Upshur County, TX","3","2","3","2","18822","17962","860","19147","18387","760","19783","18953","830","19653","18165","1488","18283","16675","1608","18591","17121","1470","18729","17478","1251","18603","17427","1176","6.3","18659","17709","950","46489"
"48461","TX","Upton County, TX","8","7","8","7","1604","1544","60","1661","1611","50","1775","1720","55","1817","1718","99","1552","1457","95","1570","1487","83","1592","1528","64","1717","1647","70","4.1","1869","1810","59","54549"
"48463","TX","Uvalde County, TX","7","8","6","3","11350","10678","672","10957","10386","571","11154","10520","634","11591","10674","917","11826","10769","1057","12134","11058","1076","11960","11012","948","11995","11161","834","7","11706","11036","670","35813"
"48465","TX","Val Verde County, TX","5","8","5","8","20210","19009","1201","20220","19130","1090","20417","19243","1174","20998","19063","1935","20619","18704","1915","20442","18612","1830","20022","18502","1520","19701","18258","1443","7.3","19610","18494","1116","38645"
"48467","TX","Van Zandt County, TX","6","4","6","4","25197","24056","1141","25331","24354","977","25539","24430","1109","25941","24141","1800","23601","21620","1981","23716","21832","1884","23628","21999","1629","23932","22390","1542","6.4","24071","22808","1263","43220"
"48469","TX","Victoria County, TX","3","2","3","2","44317","42524","1793","44439","42916","1523","45203","43500","1703","45385","42248","3137","43079","39778","3301","43705","40763","2942","45262","42755","2507","46000","43578","2422","5.3","46553","44624","1929","51544"
"48471","TX","Walker County, TX","4","3","4","3","26213","24817","1396","25823","24613","1210","26305","24943","1362","27669","25736","1933","23234","21436","1798","23152","21337","1815","23164","21560","1604","23204","21686","1518","6.5","23290","22038","1252","40092"
"48473","TX","Waller County, TX","1","1","1","1","15701","14872","829","16028","15312","716","16157","15356","801","16440","15085","1355","19960","18234","1726","20328","18664","1664","20515","19079","1436","20915","19576","1339","6.4","21272","20202","1070","49326"
"48475","TX","Ward County, TX","6","6","6","6","4718","4501","217","4860","4682","178","5071","4874","197","5033","4591","442","4631","4239","392","4936","4616","320","5359","5102","257","5540","5283","257","4.6","6004","5794","210","51026"
"48477","TX","Washington County, TX","6","3","6","3","16031","15358","673","16030","15447","583","16370","15725","645","16966","15944","1022","15561","14439","1122","15666","14636","1030","15650","14777","873","15784","14931","853","5.4","15898","15175","723","49472"
"48479","TX","Webb County, TX","3","2","2","2","87892","83168","4724","89295","85129","4166","92361","87472","4889","94138","86110","8028","105016","96364","8652","107829","99815","8014","109213","102148","7065","110776","104043","6733","6.1","111815","106141","5674","38652"
"48481","TX","Wharton County, TX","4","3","4","3","20548","19572","976","20580","19730","850","20875","19969","906","21209","19729","1480","21279","19431","1848","21481","19709","1772","21448","20001","1447","21587","20313","1274","5.9","21768","20749","1019","42862"
"48483","TX","Wheeler County, TX","9","10","9","10","2803","2711","92","3052","2976","76","3391","3310","81","3212","3030","182","2732","2565","167","2854","2713","141","2897","2771","126","3148","3014","134","4.3","3129","3018","111","51922"
"48485","TX","Wichita County, TX","3","2","3","2","62656","59938","2718","61745","59170","2575","61098","58148","2950","61406","56779","4627","59280","54681","4599","58980","54922","4058","58508","54955","3553","57548","54214","3334","5.8","57054","54276","2778","43473"
"48487","TX","Wilbarger County, TX","6","5","6","5","7870","7589","281","7660","7403","257","7587","7320","267","7874","7504","370","6140","5657","483","6026","5597","429","5921","5572","349","5798","5468","330","5.7","5382","5117","265","37840"
"48489","TX","Willacy County, TX","6","5","6","5","7619","6930","689","7539","6932","607","7705","7027","678","8388","7388","1000","7781","6656","1125","7714","6445","1269","7429","6258","1171","7455","6290","1165","15.6","7250","6355","895","28945"
"48491","TX","Williamson County, TX","1","1","1","1","188614","180737","7877","193070","185976","7094","202236","193231","9005","209947","194545","15402","222584","206458","16126","230715","215089","15626","237558","223753","13805","247532","234604","12928","5.2","254484","243539","10945","71252"
"48493","TX","Wilson County, TX","1","1","1","1","18229","17428","801","18150","17416","734","18724","17866","858","18901","17673","1228","21235","19785","1450","21532","20128","1404","21746","20543","1203","22295","21135","1160","5.2","22692","21757","935","60844"
"48495","TX","Winkler County, TX","6","6","6","6","3213","3088","125","3341","3236","105","3454","3325","129","3411","3093","318","2898","2632","266","3045","2832","213","3184","3008","176","3334","3161","173","5.2","3369","3226","143","54294"
"48497","TX","Wise County, TX","1","1","1","1","27861","26648","1213","27323","26194","1129","27517","26332","1185","28244","25790","2454","27668","25269","2399","28122","26003","2119","28268","26452","1816","28510","26821","1689","5.9","28873","27486","1387","58392"
"48499","TX","Wood County, TX","6","6","6","6","17846","16942","904","17919","17119","800","18054","17148","906","18606","17120","1486","16969","15432","1537","16951","15495","1456","16734","15432","1302","16770","15573","1197","7.1","16781","15790","991","45763"
"48501","TX","Yoakum County, TX","7","9","7","9","3579","3438","141","3874","3749","125","4085","3961","124","4101","3789","312","3690","3433","257","4160","3946","214","4338","4165","173","4229","4068","161","3.8","4334","4203","131","57995"
"48503","TX","Young County, TX","6","6","7","11","9655","9289","366","9541","9236","305","9811","9476","335","9671","9048","623","8646","7982","664","8577","7972","605","8567","8087","480","8606","8167","439","5.1","8749","8392","357","44372"
"48505","TX","Zapata County, TX","6","6","6","5","4916","4617","299","4943","4682","261","5162","4879","283","5326","4748","578","5761","5162","599","6462","5939","523","6823","6392","431","7090","6652","438","6.2","7022","6658","364","34506"
"48507","TX","Zavala County, TX","7","9","7","9","3749","3311","438","3713","3322","391","3642","3257","385","3922","3354","568","4557","3924","633","4585","3941","644","4392","3800","592","4022","3445","577","14.3","3852","3376","476","25291"
"49000","UT","Utah",,,,,"1318450","1279328","39122","1359129","1324060","35069","1371201","1322089","49112","1365850","1266009","99841","1356097","1249814","106283","1351420","1260104","91316","1374622","1299910","74712","1409607","1343885","65722","4.7","1431104","1376946","54158","59715"
"49001","UT","Beaver County, UT","9","10","7","9","3119","3024","95","3175","3095","80","3118","3010","108","3550","3332","218","3157","2843","314","3046","2802","244","2904","2727","177","3029","2886","143","4.7","2968","2851","117","46138"
"49003","UT","Box Elder County, UT","4","5","2","2","22846","22115","731","23460","22834","626","23701","22746","955","23220","21350","1870","23644","21640","2004","23225","21457","1768","22989","21645","1344","23231","22108","1123","4.8","23557","22650","907","60372"
"49005","UT","Cache County, UT","3","2","3","2","58285","56941","1344","60730","59486","1244","61540","59844","1696","62057","58660","3397","57249","53768","3481","56649","53671","2978","57033","54468","2565","57938","55605","2333","4","58894","57003","1891","49556"
"49007","UT","Carbon County, UT","7","8","7","8","9883","9540","343","9635","9283","352","10117","9683","434","10485","9659","826","9910","9057","853","9554","8830","724","9272","8617","655","8975","8400","575","6.4","8701","8251","450","44594"
"49009","UT","Daggett County, UT","8","7","9","10","506","482","24","518","500","18","451","433","18","479","451","28","495","459","36","472","443","29","436","414","22","431","409","22","5.1","430","412","18","53080"
"49011","UT","Davis County, UT","2","2","2","2","140621","136545","4076","144613","140977","3636","145534","140609","4925","144875","135345","9530","146959","136698","10261","146802","137871","8931","148808","141492","7316","152995","146384","6611","4.3","155339","149809","5530","70456"
"49013","UT","Duchesne County, UT","6","6","7","9","8494","8252","242","9218","9011","207","10294","10020","274","10348","9466","882","8166","7385","781","8443","7887","556","9152","8727","425","9321","8917","404","4.3","9602","9257","345","61386"
"49015","UT","Emery County, UT","9","10","7","10","5235","5052","183","5134","4962","172","5055","4862","193","5248","4878","370","5290","4906","384","5074","4701","373","4752","4409","343","4726","4435","291","6.2","4613","4372","241","52070"
"49017","UT","Garfield County, UT","9","10","9","12","2677","2543","134","2727","2602","125","2817","2645","172","2873","2573","300","3074","2760","314","2965","2648","317","2862","2589","273","2791","2531","260","9.3","2726","2491","235","43798"
"49019","UT","Grand County, UT","7","11","7","11","5030","4786","244","5170","4932","238","5261","4951","310","5402","4872","530","5323","4764","559","5323","4800","523","5417","4958","459","5474","5044","430","7.9","5515","5171","344","42368"
"49021","UT","Iron County, UT","4","5","4","5","20944","20335","609","21007","20399","608","20845","19930","915","20949","19109","1840","20414","18457","1957","19884","18238","1646","19497","18155","1342","19435","18338","1097","5.6","19950","19057","893","43439"
"49023","UT","Juab County, UT","2","2","2","2","4036","3887","149","4112","3983","129","3949","3732","217","3963","3566","397","4612","4191","421","4601","4221","380","4633","4346","287","4711","4469","242","5.1","4817","4622","195","51942"
"49025","UT","Kane County, UT","6","6","6","6","3438","3315","123","3491","3381","110","3482","3337","145","3519","3252","267","3561","3278","283","3496","3234","262","3467","3235","232","3484","3295","189","5.4","3581","3417","164","46350"
"49027","UT","Millard County, UT","7","11","7","11","6188","6006","182","6207","6052","155","6051","5849","202","6479","6118","361","6421","6023","398","6173","5846","327","5944","5665","279","5919","5672","247","4.2","6009","5797","212","51424"
"49029","UT","Morgan County, UT","2","2","2","2","3942","3823","119","3994","3889","105","4060","3925","135","4066","3811","255","4274","3980","294","4251","4005","246","4339","4124","215","4517","4331","186","4.1","4587","4433","154","83496"
"49031","UT","Piute County, UT","9","12","9","12","891","864","27","927","906","21","902","876","26","894","835","59","572","514","58","529","477","52","492","451","41","485","448","37","7.6","462","431","31","37897"
"49033","UT","Rich County, UT","8","7","8","7","1407","1375","32","1444","1415","29","1424","1386","38","1461","1387","74","1039","964","75","983","912","71","946","896","50","986","940","46","4.7","1002","965","37","54640"
"49035","UT","Salt Lake County, UT","2","2","1","1","534687","519133","15554","550691","536924","13767","557692","538772","18920","553693","514653","39040","548378","506309","42069","546644","510425","36219","557101","527698","29403","571229","545729","25500","4.5","577571","556398","21173","61716"
"49037","UT","San Juan County, UT","7","11","7","9","4885","4586","299","4970","4712","258","5007","4689","318","5292","4667","625","6087","5424","663","5960","5362","598","5709","5197","512","5705","5234","471","8.3","5614","5193","421","40327"
"49039","UT","Sanpete County, UT","6","6","6","6","10662","10262","400","10955","10618","337","11113","10643","470","11335","10382","953","11461","10426","1035","11127","10242","885","11274","10541","733","11093","10457","636","5.7","11078","10575","503","45338"
"49041","UT","Sevier County, UT","7","11","7","11","9390","9089","301","9479","9220","259","9630","9243","387","9876","9099","777","9727","8917","810","9509","8802","707","9432","8851","581","9292","8780","512","5.5","9278","8863","415","49877"
"49043","UT","Summit County, UT","2","2","4","3","21768","21143","625","21785","21243","542","22102","21372","730","22210","20658","1552","20857","19313","1544","21218","19923","1295","21547","20480","1067","22102","21166","936","4.2","22608","21849","759","81907"
"49045","UT","Tooele County, UT","2","2","1","1","26296","25437","859","26910","26153","757","27933","26862","1071","28202","25975","2227","27454","25163","2291","27289","25345","1944","27776","26110","1666","28570","26995","1575","5.5","28911","27540","1371","59400"
"49047","UT","Uintah County, UT","7","8","7","8","16300","15902","398","17270","16913","357","18583","18158","425","17684","16211","1473","15189","13896","1293","15519","14594","925","15991","15284","707","15712","15018","694","4.4","15926","15363","563","62028"
"49049","UT","Utah County, UT","2","2","2","2","214250","208141","6109","223138","217722","5416","223222","215381","7841","221538","206001","15537","229820","212729","17091","231334","216768","14566","239088","227084","12004","249450","238673","10777","4.3","255571","246669","8902","60069"
"49051","UT","Wasatch County, UT","6","6","6","3","10137","9816","321","10732","10459","273","10303","9922","381","10020","9182","838","11360","10405","955","11400","10591","809","11674","10991","683","12233","11650","583","4.8","12716","12251","465","64423"
"49053","UT","Washington County, UT","3","2","3","2","61333","59487","1846","63506","61762","1744","61770","58841","2929","60001","54133","5868","56776","50821","5955","56035","51056","4979","57282","53326","3956","59513","56185","3328","5.6","61496","58842","2654","50378"
"49055","UT","Wayne County, UT","9","12","9","12","1386","1326","60","1399","1342","57","1392","1316","76","1479","1359","120","1576","1441","135","1432","1286","146","1358","1210","148","1385","1231","154","11.1","1386","1256","130","38945"
"49057","UT","Weber County, UT","2","2","2","2","109819","106125","3694","112739","109285","3454","113853","109052","4801","114652","105022","9630","113259","103288","9971","112488","103671","8817","113445","106217","7228","114875","108555","6320","5.5","116198","111160","5038","54055"
"50000","VT","Vermont",,,,,"357007","343865","13142","353739","339547","14192","354899","338273","16626","359836","336104","23732","359402","337488","21914","358159","338411","19748","354754","337120","17634","351209","335680","15529","4.4","348868","334563","14305","52511"
"50001","VT","Addison County, VT","6","6","6","6","21898","21176","722","21557","20726","831","21667","20706","961","21909","20568","1341","21314","20074","1240","21184","20115","1069","20921","19971","950","20891","20035","856","4.1","20982","20164","818","54683"
"50003","VT","Bennington County, VT","6","5","6","5","20675","19925","750","20477","19650","827","20536","19549","987","20622","19046","1576","20338","18927","1411","19970","18681","1289","19669","18503","1166","19312","18309","1003","5.2","19052","18140","912","48290"
"50005","VT","Caledonia County, VT","7","9","7","9","16945","16249","696","16729","15982","747","16816","15943","873","16778","15476","1302","16783","15632","1151","16576","15530","1046","16118","15111","1007","15794","14935","859","5.4","15549","14768","781","43011"
"50007","VT","Chittenden County, VT","3","2","3","2","88480","85605","2875","88330","85355","2975","88974","85422","3552","90375","85311","5064","94524","89978","4546","95373","91416","3957","95654","92121","3533","95170","91952","3218","3.4","94810","91841","2969","62618"
"50009","VT","Essex County, VT","9","8","9","8","3290","3161","129","3264","3092","172","3260","3059","201","3318","3022","296","3168","2863","305","3069","2810","259","2942","2702","240","2869","2662","207","7.2","2857","2663","194","36140"
"50011","VT","Franklin County, VT","3","2","3","2","26432","25334","1098","25965","24842","1123","25996","24715","1281","26617","24876","1741","27696","26119","1577","27959","26467","1492","27890","26600","1290","27555","26405","1150","4.2","27362","26239","1123","55912"
"50013","VT","Grand Isle County, VT","3","2","3","2","4326","4101","225","4197","3968","229","4271","4012","259","4262","3931","331","4132","3848","284","4171","3900","271","4150","3907","243","4079","3880","199","4.9","4063","3872","191","57559"
"50015","VT","Lamoille County, VT","8","7","8","7","15152","14524","628","15112","14395","717","15140","14315","825","15694","14507","1187","14524","13410","1114","14585","13554","1031","14058","13148","910","13918","13134","784","5.6","13916","13194","722","46742"
"50017","VT","Orange County, VT","9","8","9","8","16673","16115","558","16481","15866","615","16312","15591","721","16638","15605","1033","16737","15750","987","16614","15718","896","16456","15681","775","16236","15560","676","4.2","16035","15412","623","51348"
"50019","VT","Orleans County, VT","7","11","7","11","14568","13788","780","14364","13489","875","14244","13256","988","14587","13250","1337","14229","12959","1270","14194","12980","1214","14137","13035","1102","13890","12927","963","6.9","13885","12996","889","40522"
"50021","VT","Rutland County, VT","5","8","4","5","36110","34684","1426","35702","34142","1560","35725","33764","1961","35660","32831","2829","33555","31082","2473","33259","30999","2260","32783","30719","2064","32358","30607","1751","5.4","32010","30456","1554","45757"
"50023","VT","Washington County, VT","4","5","4","5","34540","33218","1322","34153","32760","1393","34349","32724","1625","34838","32645","2193","35104","33034","2070","34879","33008","1871","34604","32961","1643","34627","33147","1480","4.3","34369","32983","1386","52619"
"50025","VT","Windham County, VT","6","6","7","9","24887","23953","934","24701","23696","1005","24819","23689","1130","25259","23672","1587","25427","23868","1559","24978","23574","1404","24667","23378","1289","24146","23008","1138","4.7","23874","22861","1013","46642"
"50027","VT","Windsor County, VT","7","8","7","8","33021","32032","989","32699","31596","1103","32782","31539","1243","33304","31379","1925","31875","29943","1932","31350","29660","1690","30705","29282","1423","30373","29122","1251","4.1","30100","28973","1127","51218"
"51000","VA","Virginia",,,,,"3978641","3855633","123008","4036835","3914087","122748","4133443","3970428","163015","4118171","3842516","275655","4157658","3860386","297272","4214262","3936860","277402","4230047","3974519","255528","4245678","4004513","241165","5.7","4261175","4041105","220070","62745"
"51001","VA","Accomack County, VA","7","9","8","6","18569","17774","795","18780","18008","772","18991","18044","947","19704","18425","1279","16805","15479","1326","16587","15208","1379","16428","15150","1278","16237","15093","1144","7","16024","14984","1040","38064"
"51003","VA","Albemarle County, VA","3","2","3","2","49842","48619","1223","51326","50177","1149","52650","51083","1567","51932","49269","2663","50987","47937","3050","52193","49284","2909","52723","49970","2753","52646","50099","2547","4.8","54006","51631","2375","70032"
"51005","VA","Alleghany County, VA","6","6","6","6","7342","6985","357","6979","6675","304","6882","6510","372","7071","6427","644","7951","7264","687","7919","7291","628","7817","7261","556","7542","7036","506","6.7","7282","6843","439","44983"
"51007","VA","Amelia County, VA","1","1","1","1","6481","6284","197","6564","6383","181","6762","6459","303","6649","6134","515","6227","5699","528","6265","5797","468","6225","5822","403","6186","5820","366","5.9","6242","5914","328","52055"
"51009","VA","Amherst County, VA","3","2","2","2","15529","15023","506","15528","14988","540","16024","15364","660","15627","14417","1210","16352","15030","1322","16191","15013","1178","16095","15018","1077","15832","14864","968","6.1","15888","15027","861","47268"
"51011","VA","Appomattox County, VA","3","2","2","2","6961","6704","257","6997","6725","272","7297","6972","325","7141","6577","564","7343","6711","632","7266","6688","578","7234","6697","537","7172","6711","461","6.4","7188","6781","407","44062"
"51013","VA","Arlington County, VA","1","1","1","1","127332","124804","2528","131366","128839","2527","136705","133349","3356","137201","131357","5844","137368","131701","5667","141941","136607","5334","144240","139240","5000","145333","140362","4971","3.4","145962","141282","4680","101533"
"51015","VA","Augusta County, VA","4","5","3","2","36838","35860","978","37183","36204","979","37888","36518","1370","38435","35964","2471","37130","34481","2649","37452","35082","2370","37099","34955","2144","36973","35045","1928","5.2","37065","35329","1736","54834"
"51017","VA","Bath County, VA","9","10","8","7","2893","2798","95","2930","2837","93","2798","2684","114","2690","2523","167","2509","2320","189","2575","2414","161","2589","2440","149","2583","2447","136","5.3","2634","2517","117","42951"
"51019","VA","Bedford County, VA","3","2","2","2","37654","36524","1130","37721","36597","1124","38609","37194","1415","37706","35138","2568","39053","36302","2751","38843","36331","2512","38388","36097","2291","38317","36136","2181","5.7","38497","36537","1960","56888"
"51021","VA","Bland County, VA","8","7","8","7","3222","3100","122","3385","3257","128","3496","3330","166","3595","3329","266","2895","2646","249","2861","2649","212","2878","2678","200","2882","2688","194","6.7","2903","2729","174","41939"
"51023","VA","Botetourt County, VA","2","2","2","2","17430","16976","454","17421","16962","459","17759","17180","579","17491","16391","1100","17700","16559","1141","17740","16700","1040","17755","16784","971","17667","16742","925","5.2","17829","16967","862","61005"
"51025","VA","Brunswick County, VA","6","4","6","4","6832","6499","333","6873","6543","330","7044","6578","466","7195","6388","807","6953","6168","785","6823","6102","721","6743","6062","681","6674","6049","625","9.4","6516","5980","536","37800"
"51027","VA","Buchanan County, VA","9","10","9","10","8419","7997","422","8657","8235","422","8950","8502","448","9236","8448","788","8326","7497","829","8474","7755","719","8598","7819","779","8174","7286","888","10.9","7874","7058","816","31621"
"51029","VA","Buckingham County, VA","8","7","3","2","6836","6589","247","6998","6756","242","7268","6911","357","7372","6775","597","6568","5868","700","6598","5967","631","6481","5932","549","6412","5914","498","7.8","6516","6087","429","39538"
"51031","VA","Campbell County, VA","3","2","2","2","27168","26281","887","27253","26320","933","27915","26807","1108","27137","25175","1962","27756","25614","2142","27625","25646","1979","27134","25378","1756","26996","25391","1605","5.9","27112","25677","1435","47982"
"51033","VA","Caroline County, VA","1","1","1","1","13560","13095","465","13902","13385","517","14271","13588","683","14126","12941","1185","14342","12972","1370","14480","13184","1296","14523","13395","1128","14608","13582","1026","7","14731","13829","902","55760"
"51035","VA","Carroll County, VA","6","6","7","9","13826","13097","729","13901","13116","785","14058","13124","934","14407","12848","1559","14006","12390","1616","13637","12293","1344","13508","12365","1143","13290","12194","1096","8.2","13228","12335","893","36218"
"51036","VA","Charles City County, VA","1","1","1","1","3837","3684","153","3809","3660","149","3886","3692","194","3833","3488","345","3901","3527","374","3938","3586","352","3860","3558","302","3793","3540","253","6.7","3819","3598","221","48394"
"51037","VA","Charlotte County, VA","8","7","8","7","5257","4904","353","5268","4988","280","5435","5114","321","5548","5037","511","5356","4820","536","5402","4874","528","5374","4907","467","5325","4912","413","7.8","5331","4972","359","35715"
"51041","VA","Chesterfield County, VA","1","1","1","1","164168","159569","4599","165682","161332","4350","169943","163728","6215","167338","156218","11120","168602","156307","12295","171641","160043","11598","173234","162700","10534","175037","165177","9860","5.6","177328","168286","9042","67454"
"51043","VA","Clarke County, VA","1","1","1","1","8054","7855","199","8017","7802","215","8195","7915","280","8102","7591","511","7695","7181","514","7777","7332","445","7749","7344","405","7640","7278","362","4.7","7642","7312","330","74384"
"51045","VA","Craig County, VA","2","2","2","2","2556","2467","89","2559","2464","95","2552","2450","102","2443","2263","180","2441","2247","194","2482","2295","187","2470","2296","174","2462","2288","174","7.1","2473","2318","155","45527"
"51047","VA","Culpeper County, VA","6","4","1","1","20066","19410","656","20225","19497","728","20962","19956","1006","21308","19622","1686","23262","21590","1672","23414","21922","1492","23416","22070","1346","23434","22175","1259","5.4","23463","22300","1163","63876"
"51049","VA","Cumberland County, VA","1","1","8","4","4523","4366","157","4592","4445","147","4699","4475","224","4598","4262","336","4523","4141","382","4563","4214","349","4533","4212","321","4515","4218","297","6.6","4531","4256","275","41799"
"51051","VA","Dickenson County, VA","9","12","9","8","5660","5369","291","5787","5484","303","6074","5727","347","6442","5884","558","5513","4934","579","5454","4923","531","5214","4669","545","5342","4761","581","10.9","5239","4720","519","33386"
"51053","VA","Dinwiddie County, VA","1","1","1","1","12770","12362","408","12841","12399","442","13191","12593","598","13060","12011","1049","13566","12367","1199","13649","12564","1085","13655","12624","1031","13564","12573","991","7.3","13659","12790","869","51864"
"51057","VA","Essex County, VA","8","4","6","4","5432","5217","215","5491","5290","201","5650","5357","293","5821","5351","470","5715","5196","519","5701","5230","471","5751","5330","421","5697","5319","378","6.6","5773","5406","367","44427"
"51059","VA","Fairfax County, VA","1","1","1","1","577489","564587","12902","581377","568732","12645","592899","576057","16842","587584","559644","27940","610520","579498","31022","620573","591067","29506","624818","596667","28151","625508","598080","27428","4.4","627615","601998","25617","110658"
"51061","VA","Fauquier County, VA","1","1","1","1","36551","35651","900","36930","36005","925","37829","36566","1263","37407","35359","2048","35763","33552","2211","36150","34160","1990","36078","34225","1853","35988","34219","1769","4.9","36018","34393","1625","82705"
"51063","VA","Floyd County, VA","8","7","3","2","6998","6768","230","7107","6859","248","7162","6846","316","7336","6776","560","8134","7567","567","8343","7811","532","8397","7916","481","8408","7951","457","5.4","8433","8046","387","41652"
"51065","VA","Fluvanna County, VA","3","2","3","2","13385","13065","320","13799","13473","326","14162","13695","467","13992","13190","802","13078","12253","825","13275","12503","772","13199","12507","692","13060","12439","621","4.8","13402","12830","572","63117"
"51067","VA","Franklin County, VA","2","2","2","2","26011","25178","833","26388","25509","879","27094","25803","1291","26808","24610","2198","27622","25216","2406","27691","25624","2067","27450","25665","1785","27265","25664","1601","5.9","27446","25992","1454","48070"
"51069","VA","Frederick County, VA","3","2","3","2","40563","39480","1083","41122","39905","1217","41455","39721","1734","40902","37818","3084","41981","38832","3149","43225","40423","2802","43546","41035","2511","44230","41897","2333","5.3","44689","42610","2079","68166"
"51071","VA","Giles County, VA","3","2","3","2","8481","8162","319","8144","7778","366","8373","7923","450","8334","7572","762","8302","7507","795","8279","7618","661","8254","7655","599","8234","7661","573","7","8273","7774","499","43504"
"51073","VA","Gloucester County, VA","1","1","1","1","20348","19807","541","20549","20039","510","21066","20335","731","20830","19578","1252","19553","18219","1334","19565","18334","1231","19408","18312","1096","19363","18355","1008","5.2","19392","18452","940","58824"
"51075","VA","Goochland County, VA","1","1","1","1","10821","10552","269","11126","10860","266","11453","11074","379","11384","10644","740","10483","9733","750","10373","9722","651","10296","9723","573","10393","9860","533","5.1","10533","10033","500","76843"
"51077","VA","Grayson County, VA","9","12","9","12","7104","6711","393","7121","6757","364","7170","6707","463","7295","6515","780","7373","6455","918","7209","6427","782","7009","6340","669","7024","6349","675","9.6","7120","6569","551","33302"
"51079","VA","Greene County, VA","3","2","3","2","10152","9915","237","10420","10198","222","10686","10336","350","10754","10132","622","9655","9007","648","9798","9207","591","9815","9271","544","9707","9240","467","4.8","9954","9521","433","59730"
"51081","VA","Greensville County, VA","6","4","6","4","3933","3765","168","4288","4095","193","4389","4147","242","4401","4007","394","4562","4124","438","4587","4181","406","4478","4089","389","4373","4027","346","7.9","4279","3992","287","38036"
"51083","VA","Halifax County, VA","6","6","6","6","15763","14834","929","15403","14422","981","15745","14667","1078","16531","14668","1863","16686","14651","2035","16370","14573","1797","16075","14552","1523","15893","14443","1450","9.1","15675","14451","1224","35553"
"51085","VA","Hanover County, VA","1","1","1","1","54752","53357","1395","54737","53387","1350","55834","53918","1916","54576","51015","3561","54430","50855","3575","54991","51709","3282","55238","52197","3041","55527","52725","2802","5","56243","53695","2548","77316"
"51087","VA","Henrico County, VA","1","1","1","1","159613","154985","4628","162619","158125","4494","166024","159993","6031","164333","153042","11291","167701","155452","12249","170635","159139","11496","172838","162425","10413","174447","164751","9696","5.6","176843","167881","8962","60050"
"51089","VA","Henry County, VA","4","5","4","5","25107","23903","1204","25752","24336","1416","25396","23358","2038","25592","22092","3500","24007","20467","3540","22832","19961","2871","22786","20385","2401","23450","21324","2126","9.1","22926","21157","1769","36066"
"51091","VA","Highland County, VA","9","10","8","7","1130","1094","36","1127","1089","38","1143","1085","58","1161","1074","87","1445","1355","90","1461","1378","83","1465","1393","72","1422","1361","61","4.3","1434","1379","55","38314"
"51093","VA","Isle of Wight County, VA","1","1","1","1","18275","17708","567","18589","18057","532","19098","18397","701","18840","17671","1169","18800","17458","1342","18892","17581","1311","18794","17607","1187","18895","17814","1081","5.7","18903","17907","996","62495"
"51095","VA","James City County, VA","1","1","1","1","30328","29515","813","31343","30571","772","32414","31386","1028","32172","30447","1725","32243","30205","2038","32627","30638","1989","33041","31152","1889","33771","31970","1801","5.3","33836","32157","1679","75806"
"51097","VA","King and Queen County, VA","1","1","8","4","3334","3221","113","3330","3214","116","3349","3196","153","3263","3002","261","3592","3302","290","3666","3396","270","3679","3436","243","3646","3424","222","6.1","3653","3442","211","44697"
"51099","VA","King George County, VA","8","4","6","4","9484","9162","322","9352","9023","329","9650","9160","490","10252","9476","776","11413","10573","840","11728","10911","817","11754","10992","762","11993","11308","685","5.7","12184","11543","641","78180"
"51101","VA","King William County, VA","1","1","1","1","8290","8062","228","8461","8232","229","8761","8434","327","8662","8055","607","8656","8011","645","8708","8109","599","8699","8150","549","8718","8227","491","5.6","8828","8371","457","61183"
"51103","VA","Lancaster County, VA","9","12","9","12","5184","4954","230","5318","5086","232","5542","5226","316","5654","5130","524","5570","5024","546","5594","5075","519","5530","5090","440","5412","5006","406","7.5","5416","5006","410","46578"
"51105","VA","Lee County, VA","8","7","8","7","9277","8873","404","9585","9186","399","9788","9268","520","10125","9395","730","10127","9325","802","10235","9457","778","9809","9000","809","9330","8508","822","8.8","8902","8173","729","32092"
"51107","VA","Loudoun County, VA","1","1","1","1","156992","153601","3391","163971","160532","3439","173148","168299","4849","174290","166112","8178","175439","166487","8952","181625","173153","8472","186364","178091","8273","191444","183107","8337","4.4","192351","184269","8082","117680"
"51109","VA","Louisa County, VA","1","1","8","4","15800","15308","492","16152","15683","469","16793","16088","705","16665","15358","1307","17858","16513","1345","17954","16728","1226","17993","16873","1120","18090","17067","1023","5.7","18515","17578","937","53170"
"51111","VA","Lunenburg County, VA","9","12","9","12","5572","5324","248","5508","5258","250","5501","5175","326","5616","5095","521","5547","5020","527","5515","5042","473","5395","4986","409","5343","4962","381","7.1","5378","5058","320","37712"
"51113","VA","Madison County, VA","8","7","8","4","7274","7080","194","7352","7156","196","7404","7127","277","7429","6973","456","7169","6717","452","7226","6848","378","7273","6924","349","7240","6918","322","4.4","7309","7015","294","51805"
"51115","VA","Mathews County, VA","1","1","1","1","4454","4337","117","4427","4314","113","4500","4340","160","4335","4096","239","4224","3956","268","4248","3970","278","4182","3944","238","4172","3961","211","5.1","4177","3983","194","55128"
"51117","VA","Mecklenburg County, VA","7","11","7","9","13121","12424","697","13192","12525","667","13466","12585","881","14067","12533","1534","14158","12552","1606","14067","12607","1460","13562","12283","1279","12813","11615","1198","9.3","12679","11697","982","38439"
"51119","VA","Middlesex County, VA","8","4","8","4","5059","4897","162","5041","4890","151","5132","4936","196","5185","4840","345","5160","4789","371","5142","4808","334","5144","4832","312","5125","4842","283","5.5","5066","4809","257","47399"
"51121","VA","Montgomery County, VA","3","2","3","2","43558","42200","1358","44293","42874","1419","45879","44009","1870","45447","42285","3162","47497","44140","3357","48413","45339","3074","49249","46318","2931","49775","46966","2809","5.6","50249","47713","2536","46024"
"51125","VA","Nelson County, VA","3","2","3","2","7715","7500","215","7904","7692","212","8077","7788","289","8040","7526","514","7574","7034","540","7609","7128","481","7474","7041","433","7374","6968","406","5.5","7519","7155","364","45990"
"51127","VA","New Kent County, VA","1","1","1","1","9267","9009","258","9415","9159","256","9927","9572","355","9874","9187","687","10294","9550","744","10447","9777","670","10636","10040","596","10809","10263","546","5.1","10944","10450","494","72150"
"51131","VA","Northampton County, VA","9","12","8","4","5865","5604","261","5959","5717","242","6112","5780","332","6382","5893","489","6335","5799","536","6366","5802","564","6205","5633","572","6043","5497","546","9","6080","5628","452","36211"
"51133","VA","Northumberland County, VA","9","12","9","12","5971","5719","252","5947","5689","258","5911","5574","337","6114","5583","531","6150","5617","533","6034","5492","542","5902","5421","481","5703","5281","422","7.4","5671","5271","400","49054"
"51135","VA","Nottoway County, VA","6","4","6","4","6427","6160","267","6577","6322","255","6588","6228","360","6639","6107","532","6859","6338","521","6898","6404","494","6894","6452","442","7087","6660","427","6","7100","6715","385","34805"
"51137","VA","Orange County, VA","6","4","6","4","15043","14582","461","15396","14903","493","15677","14960","717","15836","14614","1222","15456","14178","1278","15797","14616","1181","15902","14841","1061","16146","15196","950","5.9","16234","15386","848","60829"
"51139","VA","Page County, VA","6","6","6","4","11178","10651","527","11328","10755","573","11779","10969","810","12070","10651","1419","12336","10900","1436","12498","11113","1385","12220","10975","1245","11978","10866","1112","9.3","11922","10959","963","41070"
"51141","VA","Patrick County, VA","8","7","8","7","8808","8397","411","9049","8682","367","9140","8549","591","9249","8221","1028","8322","7266","1056","8049","7184","865","7986","7269","717","7798","7171","627","8","7764","7259","505","34654"
"51143","VA","Pittsylvania County, VA","3","2","4","5","31044","29335","1709","30955","29185","1770","31711","29605","2106","31800","28432","3368","30911","27543","3368","31185","28347","2838","30774","28397","2377","30481","28365","2116","6.9","30418","28502","1916","40608"
"51145","VA","Powhatan County, VA","1","1","1","1","14216","13845","371","14287","13950","337","14573","14084","489","14164","13273","891","13510","12557","953","13562","12716","846","13580","12815","765","13592","12902","690","5.1","13761","13138","623","74820"
"51147","VA","Prince Edward County, VA","6","4","6","4","8892","8462","430","9053","8637","416","9646","9115","531","9992","9104","888","10279","9284","995","10393","9456","937","10303","9426","877","10016","9172","844","8.4","9831","9060","771","39077"
"51149","VA","Prince George County, VA","1","1","1","1","14854","14349","505","14693","14219","474","14985","14346","639","15052","14009","1043","13962","12838","1124","14539","13405","1134","14683","13599","1084","14767","13741","1026","6.9","14925","13998","927","65625"
"51153","VA","Prince William County, VA","1","1","1","1","197085","192301","4784","200311","195368","4943","206086","199300","6786","208417","197060","11357","218394","205097","13297","225329","212582","12747","229185","217105","12080","231521","219569","11952","5.2","232150","220999","11151","93671"
"51155","VA","Pulaski County, VA","3","2","3","2","18087","17377","710","17706","16730","976","18145","16987","1158","18123","16147","1976","16975","15091","1884","16882","15423","1459","16903","15657","1246","16884","15615","1269","7.5","16871","15862","1009","43555"
"51157","VA","Rappahannock County, VA","8","4","1","1","4265","4164","101","4314","4206","108","4281","4132","149","4229","3983","246","4025","3771","254","4005","3780","225","3969","3754","215","3924","3724","200","5.1","3925","3742","183","60945"
"51159","VA","Richmond County, VA","9","12","9","12","3496","3326","170","3500","3348","152","3881","3686","195","4089","3773","316","4366","4058","308","4273","3985","288","3937","3681","256","3955","3704","251","6.3","4019","3796","223","42738"
"51161","VA","Roanoke County, VA","2","2","2","2","48751","47481","1270","48977","47743","1234","49795","48208","1587","48506","45655","2851","49258","46137","3121","49754","46926","2828","49646","47052","2594","49936","47437","2499","5","50391","48107","2284","57663"
"51163","VA","Rockbridge County, VA","6","6","6","6","11238","10928","310","11240","10912","328","11504","11030","474","11671","10918","753","11142","10303","839","11015","10269","746","10784","10129","655","10437","9834","603","5.8","10241","9691","550","46882"
"51165","VA","Rockingham County, VA","3","2","3","2","42116","41097","1019","41530","40497","1033","42270","40857","1413","41705","39260","2445","40373","37656","2717","41339","38847","2492","40937","38621","2316","40709","38650","2059","5.1","40800","38922","1878","55636"
"51167","VA","Russell County, VA","6","6","7","9","11812","11099","713","11772","11165","607","11877","11194","683","12397","11095","1302","12081","10844","1237","11949","10816","1133","11799","10780","1019","11631","10644","987","8.5","11307","10406","901","36107"
"51169","VA","Scott County, VA","3","2","2","2","9924","9434","490","9804","9350","454","10102","9555","547","9861","8919","942","10072","9219","853","10171","9417","754","10106","9341","765","10040","9327","713","7.1","9998","9413","585","38336"
"51171","VA","Shenandoah County, VA","6","6","6","4","19786","19188","598","20009","19372","637","20290","19346","944","20232","18576","1656","20831","19117","1714","21101","19610","1491","20876","19540","1336","20986","19810","1176","5.6","21300","20237","1063","47874"
"51173","VA","Smyth County, VA","6","6","7","11","15339","14620","719","15065","14244","821","15128","14207","921","15153","13472","1681","13707","12046","1661","13753","12258","1495","13528","12241","1287","13413","12217","1196","8.9","13422","12381","1041","37475"
"51175","VA","Southampton County, VA","6","4","6","4","7588","7308","280","7673","7397","276","8112","7722","390","8095","7450","645","9495","8679","816","9458","8721","737","9518","8913","605","9268","8744","524","5.7","9157","8698","459","46547"
"51177","VA","Spotsylvania County, VA","1","1","1","1","64312","62735","1577","64669","63030","1639","66228","63968","2260","64917","61268","3649","63357","58922","4435","64304","60009","4295","64209","60331","3878","64272","60567","3705","5.8","64372","60950","3422","73112"
"51179","VA","Stafford County, VA","1","1","1","1","63634","62051","1583","64503","62816","1687","66129","63852","2277","65512","61927","3585","63904","59748","4156","65186","61165","4021","65617","61826","3791","66219","62490","3729","5.6","66378","62895","3483","93014"
"51181","VA","Surry County, VA","1","1","8","4","3707","3580","127","3730","3603","127","3815","3645","170","3719","3441","278","3694","3363","331","3759","3444","315","3693","3407","286","3638","3375","263","7.2","3684","3460","224","50554"
"51183","VA","Sussex County, VA","1","1","1","1","4476","4273","203","4464","4264","200","4503","4241","262","4441","3991","450","4281","3792","489","4383","3925","458","4278","3868","410","4184","3806","378","9","4161","3852","309","38948"
"51185","VA","Tazewell County, VA","7","8","5","8","19985","19186","799","20298","19384","914","20752","19839","913","21483","19864","1619","18394","16779","1615","18194","16760","1434","17986","16516","1470","17693","16184","1509","8.5","17303","15913","1390","38336"
"51187","VA","Warren County, VA","1","1","1","1","19146","18604","542","19438","18846","592","20070","19187","883","19746","18257","1489","20103","18480","1623","20130","18641","1489","20071","18746","1325","20117","18898","1219","6.1","20128","19015","1113","56291"
"51191","VA","Washington County, VA","3","2","2","2","26377","25278","1099","26738","25524","1214","27513","26160","1353","26996","24701","2295","27416","25239","2177","27926","25930","1996","27822","25944","1878","27900","26127","1773","6.4","27983","26380","1603","42242"
"51193","VA","Westmoreland County, VA","7","11","6","4","8259","7933","326","8313","7964","349","8875","8428","447","9133","8438","695","9178","8436","742","9408","8701","707","9165","8501","664","9113","8494","619","6.8","9073","8499","574","45927"
"51195","VA","Wise County, VA","7","11","7","8","17279","16497","782","17456","16769","687","18108","17273","835","19412","18129","1283","16977","15561","1416","17265","15943","1322","16024","14607","1417","15101","13570","1531","10.1","14415","13064","1351","37490"
"51197","VA","Wythe County, VA","6","6","6","6","14984","14366","618","15475","14784","691","16175","15312","863","16396","14680","1716","14277","12687","1590","14386","13071","1315","14129","13052","1077","14014","12939","1075","7.7","13859","12974","885","41168"
"51199","VA","York County, VA","1","1","1","1","31071","30232","839","31002","30233","769","31323","30292","1031","30435","28820","1615","31289","29377","1912","31925","29964","1961","31767","29932","1835","31906","30193","1713","5.4","31977","30374","1603","78327"
"51510","VA","Alexandria city, VA","1","1","1","1","86832","84891","1941","89476","87484","1992","93221","90650","2571","94424","89890","4534","90361","85915","4446","92560","88433","4127","93403","89590","3813","93843","90092","3751","4","94209","90681","3528","85562"
"51520","VA","Bristol city, VA","3","2","2","2","7937","7550","387","7966","7557","409","8091","7625","466","8125","7315","810","7977","7274","703","8108","7431","677","8022","7431","591","7849","7294","555","7.1","7870","7368","502","35167"
"51530","VA","Buena Vista city, VA","6","6","6","6","3389","3273","116","3376","3255","121","3450","3274","176","3449","3155","294","3248","2925","323","3240","2946","294","3265","3010","255","3318","3096","222","6.7","3313","3122","191","36915"
"51540","VA","Charlottesville city, VA","3","2","3","2","20407","19744","663","21246","20596","650","21730","20884","846","21718","20317","1401","23203","21790","1413","23265","21962","1303","23470","22266","1204","23452","22354","1098","4.7","24106","23075","1031","45320"
"51550","VA","Chesapeake city, VA","1","1","1","1","114199","110468","3731","114338","110894","3444","116579","112090","4489","114934","107619","7315","113319","105173","8146","114662","106788","7874","115352","107976","7376","116588","109710","6878","5.9","116496","110362","6134","66516"
"51570","VA","Colonial Heights city, VA","1","1","1","1","9134","8838","296","9205","8906","299","9324","8911","413","9160","8440","720","8533","7828","705","8565","7920","645","8626","8031","595","8678","8117","561","6.5","8773","8270","503","49715"
"51580","VA","Covington city, VA","6","6","6","6","2790","2589","201","2704","2545","159","2675","2492","183","2742","2466","276","2689","2403","286","2664","2414","250","2649","2411","238","2569","2352","217","8.4","2505","2304","201","33904"
"51590","VA","Danville city, VA","3","2","4","5","20172","18405","1767","19709","18250","1459","20157","18301","1856","20102","17388","2714","20099","17390","2709","20293","17929","2364","20002","17936","2066","19846","17906","1940","9.8","19714","18004","1710","30940"
"51595","VA","Emporia city, VA","6","4","6","4","2503","2364","139","2456","2305","151","2519","2333","186","2535","2228","307","2570","2251","319","2558","2281","277","2474","2213","261","2387","2153","234","9.8","2334","2142","192","32676"
"51600","VA","Fairfax city, VA","1","1","1","1","13230","12903","327","13902","13550","352","14413","13951","462","14525","13722","803","12663","11974","689","12719","12094","625","12953","12396","557","13139","12593","546","4.2","13212","12675","537","89507"
"51610","VA","Falls Church city, VA","1","1","1","1","6509","6320","189","6661","6456","205","6917","6639","278","7259","6758","501","7382","7022","360","7521","7202","319","7740","7431","309","7856","7551","305","3.9","7884","7601","283","117452"
"51620","VA","Franklin city, VA","6","4","6","4","3798","3617","181","3924","3743","181","3951","3704","247","3945","3546","399","3708","3241","467","3673","3257","416","3734","3363","371","3698","3359","339","9.2","3620","3334","286","36326"
"51630","VA","Fredericksburg city, VA","1","1","1","1","11645","11180","465","12429","11872","557","12965","12183","782","12984","11768","1216","12423","11304","1119","13065","12030","1035","13601","12662","939","13783","12902","881","6.4","13814","12987","827","48152"
"51640","VA","Galax city, VA","6","6","7","9","3035","2849","186","3124","2948","176","3130","2939","191","3234","2921","313","3172","2825","347","3107","2786","321","3062","2792","270","3021","2765","256","8.5","2998","2782","216","33737"
"51650","VA","Hampton city, VA","1","1","1","1","67151","64648","2503","68492","66052","2440","69260","65979","3281","67306","62042","5264","66666","60687","5979","66480","60546","5934","66053","60642","5411","65919","61047","4872","7.4","65819","61413","4406","45293"
"51660","VA","Harrisonburg city, VA","3","2","3","2","21715","21062","653","22762","22100","662","22980","22023","957","23048","21497","1551","23165","21250","1915","23798","21947","1851","24158","22387","1771","24081","22460","1621","6.7","24121","22655","1466","37588"
"51670","VA","Hopewell city, VA","1","1","1","1","10294","9811","483","10437","9950","487","10658","10022","636","10553","9454","1099","9864","8721","1143","9917","8797","1120","9751","8777","974","9651","8734","917","9.5","9744","8900","844","39440"
"51678","VA","Lexington city, VA","6","6","6","6","2291","2183","108","2367","2258","109","2423","2267","156","2479","2239","240","2300","2086","214","2295","2084","211","2290","2087","203","2260","2065","195","8.6","2227","2050","177","41521"
"51680","VA","Lynchburg city, VA","3","2","2","2","31925","30750","1175","33610","32350","1260","35129","33451","1678","34844","32040","2804","35841","32798","3043","35784","32900","2884","35654","32994","2660","35824","33287","2537","7.1","35955","33672","2283","39918"
"51683","VA","Manassas city, VA","1","1","1","1","20267","19732","535","19776","19200","576","20076","19231","845","20468","18972","1496","20972","19503","1469","21412","20112","1300","21959","20733","1226","22277","21088","1189","5.3","22330","21227","1103","70133"
"51685","VA","Manassas Park city, VA","1","1","1","1","6622","6467","155","6562","6395","167","6631","6383","248","6870","6455","415","8066","7563","503","8639","8156","483","8768","8305","463","8823","8376","447","5.1","8831","8431","400","71742"
"51690","VA","Martinsville city, VA","4","5","4","5","5838","5410","428","5919","5432","487","5930","5222","708","6208","5011","1197","6136","5066","1070","5905","5008","897","5754","5018","736","5711","5070","641","11.2","5559","5006","553","31046"
"51700","VA","Newport News city, VA","1","1","1","1","86219","83110","3109","87554","84430","3124","89322","85187","4135","94427","87426","7001","90663","83103","7560","90750","83358","7392","90153","83424","6729","90615","84534","6081","6.7","90692","85047","5645","47421"
"51710","VA","Norfolk city, VA","1","1","1","1","95709","91598","4111","99742","95656","4086","100847","95534","5313","98751","90318","8433","112449","102606","9843","113035","103593","9442","113029","104423","8606","113001","105150","7851","6.9","112971","105789","7182","42949"
"51720","VA","Norton city, VA","7","11","7","8","1514","1435","79","1565","1501","64","1620","1536","84","1724","1614","110","2079","1928","151","2115","1967","148","1999","1844","155","1875","1718","157","8.4","1812","1670","142","32303"
"51730","VA","Petersburg city, VA","1","1","1","1","13888","13012","876","14087","13206","881","14288","13246","1042","14460","12533","1927","13877","11939","1938","13720","11958","1762","13637","12014","1623","13804","12197","1607","11.6","13909","12428","1481","32623"
"51735","VA","Poquoson city, VA","1","1","1","1","6299","6150","149","6327","6183","144","6402","6207","195","6197","5876","321","6395","6007","388","6373","6009","364","6371","6027","344","6360","6045","315","5","6364","6076","288","82815"
"51740","VA","Portsmouth city, VA","1","1","1","1","45779","43744","2035","46428","44483","1945","46504","44108","2396","45167","41325","3842","45461","41102","4359","45800","41522","4278","45749","41766","3983","45499","41873","3626","8","45364","42128","3236","43041"
"51750","VA","Radford city, VA","3","2","3","2","7239","6961","278","7757","7443","314","7994","7570","424","7922","7215","707","7787","7060","727","8086","7406","680","8120","7477","643","8355","7727","628","7.5","8411","7853","558","34635"
"51760","VA","Richmond city, VA","1","1","1","1","95448","90997","4451","98875","94548","4327","101506","95650","5856","101096","91416","9680","106456","96347","10109","107730","98583","9147","109493","101301","8192","110703","103189","7514","6.8","111992","105134","6858","39249"
"51770","VA","Roanoke city, VA","2","2","2","2","45481","43761","1720","46289","44547","1742","47072","44936","2136","47264","43194","4070","49317","45022","4295","49516","45521","3995","49729","46150","3579","49885","46568","3317","6.6","50175","47230","2945","37223"
"51775","VA","Salem city, VA","2","2","2","2","13073","12680","393","13370","12975","395","13649","13151","498","13289","12441","848","12789","11910","879","12842","12025","817","12935","12168","767","13077","12317","760","5.8","13166","12494","672","47837"
"51790","VA","Staunton city, VA","4","5","3","2","11241","10893","348","11609","11251","358","11872","11364","508","11891","11029","862","11846","10920","926","12012","11161","851","11839","11084","755","11978","11285","693","5.8","12010","11390","620","39712"
"51800","VA","Suffolk city, VA","1","1","1","1","39342","37958","1384","39794","38487","1307","40871","39201","1670","40575","37854","2721","41753","38581","3172","41935","38815","3120","41860","38933","2927","42071","39417","2654","6.3","42076","39648","2428","59468"
"51810","VA","Virginia Beach city, VA","1","1","1","1","221582","215051","6531","222978","216854","6124","225849","217654","8195","219738","206585","13153","226894","212145","14749","229348","215256","14092","229388","216247","13141","231513","219024","12489","5.4","231784","220342","11442","62509"
"51820","VA","Waynesboro city, VA","4","5","3","2","9877","9559","318","10090","9742","348","10427","9916","511","10699","9786","913","10170","9255","915","10183","9361","822","10055","9350","705","10049","9442","607","6","10071","9533","538","42434"
"51830","VA","Williamsburg city, VA","1","1","1","1","4811","4525","286","5112","4825","287","5331","4874","457","5543","4721","822","6516","5856","660","6749","6142","607","6856","6284","572","6896","6363","533","7.7","6891","6403","488","47880"
"51840","VA","Winchester city, VA","3","2","3","2","14212","13793","419","14328","13868","460","14354","13701","653","14218","13067","1151","13688","12551","1137","14086","13040","1046","14263","13316","947","14384","13556","828","5.8","14501","13775","726","43943"
"53000","WA","Washington",,,,,"3323938","3156626","167312","3403163","3243308","159855","3478577","3291309","187268","3535200","3211649","323551","3511326","3160544","350782","3459200","3139999","319201","3471158","3190015","281143","3460038","3216966","243072","7","3488183","3270362","217821","58431"
"53001","WA","Adams County, WA","6","6","6","5","8063","7512","551","8021","7495","526","8117","7583","534","8320","7570","750","8440","7555","885","8247","7426","821","8260","7486","774","8394","7654","740","8.8","8547","7883","664","45171"
"53003","WA","Asotin County, WA","3","2","3","2","10232","9758","474","10264","9733","531","10403","9709","694","10387","9391","996","10334","9361","973","10041","9160","881","9870","9005","865","9846","9119","727","7.4","9735","9153","582","42842"
"53005","WA","Benton County, WA","3","2","2","2","83218","78060","5158","86073","81368","4705","88789","83988","4801","92828","86121","6707","94385","86985","7400","93141","85624","7517","92080","83674","8406","90100","82078","8022","8.9","89990","83098","6892","59264"
"53007","WA","Chelan County, WA","3","2","3","2","39463","37252","2211","40622","38390","2232","40871","38445","2426","42120","38717","3403","42201","38449","3752","41313","37861","3452","41191","37969","3222","40280","37362","2918","7.2","40960","38357","2603","50033"
"53009","WA","Clallam County, WA","5","8","5","8","29619","27739","1880","30007","28041","1966","30083","27811","2272","30374","27306","3068","29621","26352","3269","28447","25376","3071","28101","25219","2882","27255","24644","2611","9.6","26939","24623","2316","46531"
"53011","WA","Clark County, WA","1","1","1","1","205896","192980","12916","209985","196792","13193","215138","198972","16166","219478","190185","29293","216621","188628","27993","211273","186854","24419","211309","189769","21540","209801","189986","19815","9.4","208909","192505","16404","57886"
"53013","WA","Columbia County, WA","6","6","3","2","1506","1366","140","1531","1417","114","1565","1447","118","1600","1424","176","1959","1774","185","1855","1681","174","1828","1670","158","1772","1622","150","8.5","1764","1628","136","42332"
"53015","WA","Cowlitz County, WA","3","2","3","2","42952","39906","3046","43809","40721","3088","44370","40522","3848","45014","38954","6060","46432","40435","5997","44722","39443","5279","44600","39806","4794","43310","38961","4349","10","44048","40351","3697","48447"
"53017","WA","Douglas County, WA","3","2","3","2","20129","19037","1092","20956","19853","1103","21187","19988","1199","22170","20394","1776","19776","17850","1926","19314","17538","1776","19404","17711","1693","18833","17303","1530","8.1","19278","17890","1388","49293"
"53019","WA","Ferry County, WA","9","12","9","12","2946","2650","296","2975","2711","264","2998","2716","282","3083","2673","410","2645","2181","464","2524","2089","435","2443","2062","381","2482","2145","337","13.6","2470","2181","289","38302"
"53021","WA","Franklin County, WA","3","2","2","2","30005","27719","2286","32463","30208","2255","34124","31888","2236","36752","33671","3081","38121","34744","3377","38332","34877","3455","38926","35216","3710","38198","34627","3571","9.3","38238","35001","3237","52720"
"53023","WA","Garfield County, WA","8","7","8","7","1043","983","60","1018","963","55","1021","971","50","1028","953","75","1061","973","88","1029","952","77","1024","943","81","987","910","77","7.8","959","894","65","46157"
"53025","WA","Grant County, WA","4","5","5","8","38924","36151","2773","40534","37905","2629","40948","38144","2804","42357","38150","4207","43212","38522","4690","42745","38469","4276","43840","39767","4073","43886","40101","3785","8.6","44650","41233","3417","46065"
"53027","WA","Grays Harbor County, WA","4","5","4","5","31044","28686","2358","31481","28996","2485","31893","29267","2626","31602","27416","4186","31046","26723","4323","29663","25672","3991","28809","25138","3671","28045","24724","3321","11.8","27411","24571","2840","41791"
"53029","WA","Island County, WA","4","3","4","3","32363","30548","1815","32973","31150","1823","33072","31144","1928","33017","30058","2959","33812","30665","3147","32613","29685","2928","32510","29889","2621","31707","29335","2372","7.5","31678","29502","2176","53306"
"53031","WA","Jefferson County, WA","6","6","6","6","13603","12861","742","13696","12968","728","13716","12906","810","13171","11995","1176","12750","11436","1314","12057","10812","1245","11911","10744","1167","11381","10323","1058","9.3","11160","10243","917","47709"
"53033","WA","King County, WA","1","1","1","1","1043636","1004810","38826","1067240","1033216","34024","1090567","1048196","42371","1113894","1024328","89566","1105906","1006126","99780","1108807","1020572","88235","1122935","1051504","71431","1137422","1081201","56221","4.9","1158224","1104926","53298","71779"
"53035","WA","Kitsap County, WA","3","2","2","2","121958","115759","6199","123028","116967","6061","124802","118172","6630","125529","115796","9733","120592","110230","10362","117234","107493","9741","115953","106982","8971","113246","105203","8043","7.1","113148","106025","7123","62516"
"53037","WA","Kittitas County, WA","6","3","4","3","19466","18357","1109","20360","19265","1095","20952","19635","1317","20924","19014","1910","21306","19221","2085","20739","18843","1896","20541","18779","1762","20138","18585","1553","7.7","20003","18579","1424","47287"
"53039","WA","Klickitat County, WA","6","6","6","4","9517","8785","732","9756","9028","728","10173","9356","817","10904","9772","1132","10328","9069","1259","10143","8961","1182","9997","8924","1073","9778","8782","996","10.2","9721","8912","809","47960"
"53041","WA","Lewis County, WA","4","5","4","3","31197","28853","2344","31212","28762","2450","31519","28767","2752","31789","27561","4228","33961","29503","4458","32505","28395","4110","32177","28382","3795","31269","27970","3299","10.6","31011","28149","2862","41325"
"53043","WA","Lincoln County, WA","8","7","8","7","4663","4377","286","4704","4429","275","4829","4548","281","4858","4443","415","5327","4880","447","5295","4869","426","5240","4865","375","5081","4729","352","6.9","5048","4742","306","47895"
"53045","WA","Mason County, WA","6","5","4","3","24647","23085","1562","25189","23543","1646","25523","23609","1914","25549","22795","2754","24941","21963","2978","23764","21009","2755","23510","20990","2520","23297","20973","2324","10","23292","21304","1988","46886"
"53047","WA","Okanogan County, WA","6","6","6","6","20654","19173","1481","20642","19194","1448","21389","19915","1474","22152","20019","2133","22348","19951","2397","21317","19150","2167","21120","19159","1961","20936","19146","1790","8.5","21256","19688","1568","39014"
"53049","WA","Pacific County, WA","7","9","7","9","9161","8515","646","9293","8591","702","9216","8469","747","9299","8109","1190","8789","7557","1232","8206","7115","1091","8208","7209","999","8000","7078","922","11.5","8056","7240","816","35703"
"53051","WA","Pend Oreille County, WA","8","7","2","2","5115","4705","410","5290","4874","416","5525","5022","503","5573","4762","811","5148","4359","789","4853","4181","672","4825","4202","623","4687","4114","573","12.2","4623","4147","476","44882"
"53053","WA","Pierce County, WA","1","1","1","1","373684","352910","20774","387377","366760","20617","394631","370735","23896","397744","359010","38734","395844","354576","41268","386396","347843","38553","386176","351028","35148","382950","351273","31677","8.3","383905","356233","27672","57619"
"53055","WA","San Juan County, WA","9","12","9","12","8222","7884","338","8486","8160","326","8770","8423","347","8503","7934","569","8449","7831","618","8059","7481","578","8413","7889","524","7846","7375","471","6","7657","7258","399","56667"
"53057","WA","Skagit County, WA","3","2","3","2","56494","53316","3178","57934","54870","3064","58791","55231","3560","58592","52625","5967","59114","52658","6456","57071","51142","5929","56981","51620","5361","56538","51737","4801","8.5","56596","52432","4164","52525"
"53059","WA","Skamania County, WA","1","1","1","1","5086","4696","390","5059","4682","377","5157","4690","467","5117","4448","669","5179","4514","665","5078","4464","614","5047","4503","544","5015","4487","528","10.5","4978","4544","434","52967"
"53061","WA","Snohomish County, WA","1","1","1","1","358027","343319","14708","363266","350475","12791","373004","355995","17009","381983","345897","36086","386511","345267","41244","384171","347654","36517","385698","356770","28928","388741","366711","22030","5.7","395313","374985","20328","67443"
"53063","WA","Spokane County, WA","2","2","2","2","227128","214779","12349","233681","221245","12436","239320","225045","14275","240002","217765","22237","238125","214109","24016","230544","208550","21994","229917","209576","20341","226549","208278","18271","8.1","225031","208951","16080","47577"
"53065","WA","Stevens County, WA","6","6","2","2","18169","16778","1391","18631","17145","1486","18887","17290","1597","18977","16502","2475","19104","16603","2501","18274","16040","2234","18184","16085","2099","17674","15776","1898","10.7","17562","15903","1659","43675"
"53067","WA","Thurston County, WA","3","2","2","2","123916","117699","6217","128000","121724","6276","131686","124618","7068","131896","121431","10465","126948","115550","11398","123125","112261","10864","122999","112851","10148","122391","113187","9204","7.5","123119","114935","8184","59877"
"53069","WA","Wahkiakum County, WA","8","7","8","4","1623","1506","117","1667","1544","123","1773","1637","136","1625","1390","235","1472","1247","225","1426","1224","202","1386","1202","184","1300","1136","164","12.6","1359","1224","135","46659"
"53071","WA","Walla Walla County, WA","4","5","3","2","28717","27028","1689","29172","27603","1569","30445","28862","1583","31127","29002","2125","30530","28085","2445","29601","27257","2344","29597","27376","2221","28423","26332","2091","7.4","28297","26453","1844","46294"
"53073","WA","Whatcom County, WA","3","2","3","2","102885","97820","5065","106348","101371","4977","108750","102979","5771","108027","98816","9211","104359","94467","9892","102618","93503","9115","102955","94775","8180","101755","94311","7444","7.3","101872","95103","6769","51119"
"53075","WA","Whitman County, WA","4","5","4","5","20338","19456","882","20298","19433","865","21253","20331","922","21833","20585","1248","22489","20977","1512","22499","21056","1443","22402","20947","1455","22157","20820","1337","6","22059","20845","1214","42702"
"53077","WA","Yakima County, WA","3","2","3","2","118626","109807","8819","120128","111716","8412","123322","114285","9037","126001","114665","11336","122141","109169","12972","120164","107418","12746","120792","108330","12462","118571","106869","11702","9.9","119318","108670","10648","41918"
"54000","WV","West Virginia",,,,,"806168","766399","39769","811160","773990","37170","812905","777560","35345","814027","751165","62862","811125","740910","70215","807606","742413","65193","809034","748359","60675","799630","745674","53956","6.7","790035","738527","51508","41195"
"54001","WV","Barbour County, WV","7","9","6","6","6740","6353","387","6733","6366","367","6723","6394","329","6876","6277","599","6870","6180","690","6781","6146","635","6735","6176","559","6710","6240","470","7","6667","6219","448","35558"
"54003","WV","Berkeley County, WV","3","2","2","2","45306","43394","1912","45993","44102","1891","46459","44256","2203","46564","42615","3949","51020","46642","4378","51267","47286","3981","52351","48838","3513","52591","49675","2916","5.5","52117","49369","2748","54010"
"54005","WV","Boone County, WV","2","2","3","2","9422","8976","446","9453","9007","446","9422","9054","368","9381","8653","728","8812","8035","777","8685","7985","700","8933","8005","928","8667","7840","827","9.5","8495","7733","762","38098"
"54007","WV","Braxton County, WV","8","7","8","7","5954","5625","329","6019","5689","330","5918","5613","305","5945","5455","490","5686","5056","630","5497","4888","609","5410","4832","578","5332","4791","541","10.1","5286","4801","485","35296"
"54009","WV","Brooke County, WV","3","2","3","2","10974","10162","812","10948","10298","650","11143","10506","637","11132","9907","1225","10917","9672","1245","10722","9673","1049","10671","9731","940","10402","9588","814","7.8","10234","9493","741","43719"
"54011","WV","Cabell County, WV","2","2","2","2","44611","42568","2043","45655","43794","1861","45433","43680","1753","44709","41714","2995","43292","40164","3128","42956","39877","3079","43100","40280","2820","42475","40024","2451","5.8","42096","39791","2305","37628"
"54013","WV","Calhoun County, WV","8","7","8","7","2718","2521","197","2754","2560","194","2790","2599","191","2849","2485","364","2906","2499","407","2870","2505","365","2847","2530","317","2885","2592","293","10.2","2954","2674","280","31946"
"54015","WV","Clay County, WV","2","2","3","2","3487","3247","240","3500","3255","245","3506","3286","220","3556","3159","397","3647","3131","516","3576","3133","443","3536","3109","427","3486","3067","419","12","3389","3029","360","32640"
"54017","WV","Doddridge County, WV","9","8","9","8","2882","2731","151","2823","2685","138","2816","2677","139","2860","2638","222","3315","3078","237","3331","3090","241","3410","3193","217","3524","3335","189","5.4","3684","3503","181","39399"
"54019","WV","Fayette County, WV","6","5","3","2","18034","17016","1018","18141","17154","987","18124","17284","840","18118","16590","1528","17567","15817","1750","17734","16155","1579","17593","16075","1518","17005","15548","1457","8.6","16654","15275","1379","33720"
"54021","WV","Gilmer County, WV","9","12","7","10","3107","2961","146","3106","2980","126","3135","3016","119","3218","3006","212","2775","2528","247","2817","2588","229","2775","2559","216","2753","2572","181","6.6","2759","2584","175","35344"
"54023","WV","Grant County, WV","6","7","7","12","5131","4822","309","5310","5032","278","5252","4975","277","5092","4586","506","6124","5525","599","6202","5637","565","6194","5634","560","6008","5515","493","8.2","5860","5420","440","38268"
"54025","WV","Greenbrier County, WV","7","11","6","6","15628","14663","965","15614","14669","945","15088","14254","834","14851","13467","1384","15430","14080","1350","15581","14276","1305","15513","14272","1241","15487","14338","1149","7.4","15254","14214","1040","37218"
"54027","WV","Hampshire County, WV","3","2","3","2","9817","9427","390","9693","9343","350","9456","9050","406","9290","8532","758","9765","8877","888","9814","8939","875","9749","8974","775","9575","8916","659","6.9","9556","8983","573","37444"
"54029","WV","Hancock County, WV","3","2","3","2","14572","13462","1110","14419","13589","830","14723","13863","860","14598","12957","1641","14174","12456","1718","13908","12427","1481","13777","12492","1285","13423","12330","1093","8.1","13246","12200","1046","40249"
"54031","WV","Hardy County, WV","8","7","6","6","7266","6980","286","7222","6918","304","6873","6559","314","6750","6147","603","5710","5048","662","5690","5098","592","5566","4986","580","5435","4944","491","9","5360","4938","422","36053"
"54033","WV","Harrison County, WV","5","8","5","8","30786","29338","1448","30762","29452","1310","31062","29847","1215","31478","29434","2044","31254","28872","2382","31394","29160","2234","31434","29396","2038","31827","30063","1764","5.5","32016","30314","1702","42197"
"54035","WV","Jackson County, WV","6","6","6","6","11824","11204","620","12055","11470","585","11979","11373","606","11722","10391","1331","12313","10911","1402","12029","10789","1240","12037","11002","1035","12054","11216","838","7","11917","11125","792","38640"
"54037","WV","Jefferson County, WV","1","1","1","1","24802","23959","843","25251","24439","812","24918","23971","947","24647","23019","1628","26869","25077","1792","27246","25538","1708","27552","26053","1499","27423","26136","1287","4.7","27042","25834","1208","64916"
"54039","WV","Kanawha County, WV","2","2","3","2","91497","87484","4013","92044","88360","3684","92747","89483","3264","92520","86739","5781","92603","85765","6838","91698","85212","6486","91462","85420","6042","89553","84261","5292","5.9","88299","83110","5189","45858"
"54041","WV","Lewis County, WV","7","9","7","9","7362","6983","379","7374","6997","377","7453","7141","312","7707","7143","564","6990","6376","614","7173","6640","533","7388","6870","518","7370","6898","472","6.4","7249","6798","451","38462"
"54043","WV","Lincoln County, WV","2","2","2","2","7961","7475","486","8018","7582","436","8092","7713","379","8158","7371","787","7873","6948","925","7682","6864","818","7708","6919","789","7553","6835","718","9.5","7501","6794","707","35524"
"54045","WV","Logan County, WV","6","6","6","5","12894","12265","629","12888","12212","676","13186","12638","548","13388","12308","1080","12687","11404","1283","12921","11771","1150","12918","11661","1257","12385","11182","1203","9.7","11959","10728","1231","35773"
"54047","WV","McDowell County, WV","7","9","7","10","6948","6413","535","6944","6429","515","7193","6768","425","7463","6603","860","6362","5521","841","6674","5878","796","6599","5809","790","6192","5415","777","12.5","5825","5071","754","25205"
"54049","WV","Marion County, WV","4","5","4","5","26160","24990","1170","26269","25156","1113","26484","25534","950","26502","24936","1566","26641","24703","1938","26749","24917","1832","26868","25136","1732","26790","25199","1591","5.9","26487","24917","1570","41705"
"54051","WV","Marshall County, WV","3","2","3","2","15014","14155","859","14867","14081","786","14818","14061","757","14905","13600","1305","14680","13261","1419","14350","13063","1287","14352","13187","1165","14334","13280","1054","7.4","14287","13203","1084","41583"
"54053","WV","Mason County, WV","6","5","6","5","10478","9747","731","10357","9643","714","10135","9425","710","10279","9073","1206","11282","9980","1302","11061","9851","1210","10923","9838","1085","10588","9591","997","9.4","10213","9257","956","36454"
"54055","WV","Mercer County, WV","5","8","4","5","24324","23122","1202","24823","23780","1043","25128","24113","1015","25342","23686","1656","24076","22035","2041","23751","21707","2044","23464","21499","1965","23151","21396","1755","7.6","22418","20746","1672","34320"
"54057","WV","Mineral County, WV","3","2","3","2","13448","12767","681","13397","12766","631","13567","12948","619","13815","12806","1009","12362","11208","1154","12188","11112","1076","12105","11085","1020","11853","10981","872","7.4","11792","10942","850","38320"
"54059","WV","Mingo County, WV","6","6","7","9","8590","8118","472","8806","8305","501","9051","8667","384","8937","8143","794","9168","8266","902","9209","8415","794","9002","8126","876","8496","7547","949","11.2","7823","6901","922","32431"
"54061","WV","Monongalia County, WV","3","2","3","2","45922","44330","1592","47423","45933","1490","48617","47266","1351","49875","47679","2196","48354","45653","2701","48589","45878","2711","49768","47176","2592","50109","47844","2265","4.5","50074","47880","2194","47281"
"54063","WV","Monroe County, WV","8","7","8","7","5944","5617","327","5954","5675","279","5870","5607","263","5829","5407","422","5764","5303","461","5786","5325","461","5742","5325","417","5687","5329","358","6.3","5618","5295","323","36787"
"54065","WV","Morgan County, WV","3","2","8","7","7122","6786","336","7084","6750","334","6979","6610","369","6883","6277","606","7677","6975","702","7593","6962","631","7599","7042","557","7440","6990","450","6","7411","6989","422","42719"
"54067","WV","Nicholas County, WV","6","6","6","6","10662","10091","571","10793","10255","538","10668","10176","492","10697","9772","925","10937","9841","1096","10962","9960","1002","10847","9840","1007","10384","9395","989","9.5","10139","9231","908","38451"
"54069","WV","Ohio County, WV","3","2","3","2","20981","19976","1005","21089","20200","889","21154","20272","882","21306","19693","1613","21826","20093","1733","21346","19775","1571","21391","20020","1371","21369","20153","1216","5.7","21206","20035","1171","41009"
"54071","WV","Pendleton County, WV","8","7","8","7","3850","3687","163","3807","3666","141","3715","3555","160","3562","3293","269","3658","3343","315","3652","3387","265","3642","3394","248","3583","3390","193","5.4","3511","3345","166","36868"
"54073","WV","Pleasants County, WV","3","2","6","7","3177","2999","178","3163","2982","181","3145","2961","184","3221","2893","328","2937","2627","310","2920","2635","285","2880","2630","250","2897","2687","210","7.2","2988","2778","210","43172"
"54075","WV","Pocahontas County, WV","9","12","9","10","3818","3522","296","3747","3474","273","3606","3350","256","3602","3174","428","3800","3363","437","3687","3277","410","3631","3259","372","3604","3293","311","8.6","3570","3264","306","32199"
"54077","WV","Preston County, WV","3","2","3","2","14906","14230","676","14859","14218","641","15122","14527","595","15420","14335","1085","14935","13687","1248","14638","13527","1111","14790","13753","1037","14642","13699","943","6.4","14576","13732","844","42187"
"54079","WV","Putnam County, WV","2","2","2","2","27138","26023","1115","27468","26446","1022","27977","27059","918","27921","26229","1692","26390","24389","2001","26302","24380","1922","26398","24711","1687","25997","24526","1471","5.7","25811","24386","1425","56102"
"54081","WV","Raleigh County, WV","4","5","3","2","32787","31297","1490","32751","31296","1455","32804","31500","1304","32854","30491","2363","32470","29824","2646","33048","30662","2386","32881","30496","2385","31837","29528","2309","7.3","31201","28997","2204","39998"
"54083","WV","Randolph County, WV","7","11","7","8","13132","12463","669","13086","12420","666","12807","12112","695","12712","11586","1126","12208","10927","1281","12090","10912","1178","12090","11038","1052","11934","11080","854","7.2","11849","11011","838","35458"
"54085","WV","Ritchie County, WV","8","7","8","7","4745","4507","238","4628","4391","237","4545","4294","251","4404","3994","410","4295","3878","417","4311","3921","390","4388","4064","324","4561","4283","278","6.1","4642","4360","282","38147"
"54087","WV","Roane County, WV","6","7","6","7","5529","5182","347","5595","5235","360","5540","5183","357","5562","4897","665","5510","4759","751","5416","4715","701","5333","4726","607","5367","4811","556","10.4","5329","4804","525","35982"
"54089","WV","Summers County, WV","7","9","6","6","4739","4440","299","4754","4469","285","4654","4420","234","4652","4286","366","4783","4330","453","4696","4260","436","4643","4231","412","4558","4210","348","7.6","4513","4195","318","31051"
"54091","WV","Taylor County, WV","6","5","6","5","6987","6617","370","6946","6608","338","6969","6661","308","7138","6632","506","7446","6872","574","7438","6882","556","7575","7055","520","7772","7333","439","5.6","7792","7382","410","38720"
"54093","WV","Tucker County, WV","9","12","8","7","3060","2871","189","2994","2812","182","2922","2734","188","2882","2556","326","3301","2937","364","3228","2924","304","3203","2938","265","3282","3054","228","6.9","3379","3162","217","37591"
"54095","WV","Tyler County, WV","6","6","9","9","3663","3401","262","3675","3447","228","3620","3393","227","3631","3251","380","3551","3145","406","3605","3224","381","3663","3329","334","3629","3320","309","8.5","3594","3273","321","39401"
"54097","WV","Upshur County, WV","7","9","7","9","10793","10282","511","10830","10353","477","10730","10275","455","10749","9851","898","10369","9409","960","10243","9356","887","9998","9218","780","9620","8942","678","7","9482","8852","630","37676"
"54099","WV","Wayne County, WV","2","2","2","2","17666","16706","960","17752","16920","832","17608","16780","828","17306","15941","1365","16938","15493","1445","16517","15166","1351","16413","15162","1251","16068","14956","1112","6.9","15946","14868","1078","38676"
"54101","WV","Webster County, WV","9","12","9","12","3425","3228","197","3373","3182","191","3294","3112","182","3257","2917","340","3739","3360","379","3638","3291","347","3615","3222","393","3524","3158","366","10.4","3445","3149","296","31805"
"54103","WV","Wetzel County, WV","6","6","6","6","6346","5827","519","6311","5878","433","6270","5819","451","6305","5569","736","7016","6193","823","7051","6301","750","7280","6591","689","7305","6631","674","9.2","7282","6533","749","39444"
"54105","WV","Wirt County, WV","3","2","3","2","2545","2391","154","2489","2341","148","2463","2314","149","2434","2139","295","2292","2005","287","2280","2016","264","2299","2048","251","2321","2087","234","10.1","2282","2066","216","37132"
"54107","WV","Wood County, WV","3","2","3","2","41183","39152","2031","41151","39229","1922","41121","39179","1942","40962","37470","3492","39348","35850","3498","38696","35472","3224","38604","35786","2818","38515","36125","2390","6.2","37941","35711","2230","41205"
"54109","WV","Wyoming County, WV","7","10","6","7","8314","7850","464","8204","7700","504","8031","7653","378","8217","7398","819","8414","7540","874","8319","7586","733","8391","7620","771","8299","7535","764","9.2","8024","7269","755","34525"
"55000","WI","Wisconsin",,,,,"3058935","2914150","144785","3087828","2936452","151376","3091796","2940438","151358","3100348","2834335","266013","3081512","2814393","267119","3080399","2841465","238934","3074255","2857594","216661","3084978","2876712","208266","6.8","3093918","2923533","170385","51474"
"55001","WI","Adams County, WI","8","7","8","6","9904","9244","660","10105","9439","666","10053","9349","704","9989","8937","1052","9137","8005","1132","9056","7994","1062","8971","8002","969","8728","7791","937","10.7","8610","7855","755","43814"
"55003","WI","Ashland County, WI","7","11","7","11","9251","8689","562","9059","8515","544","8983","8443","540","9136","8225","911","8411","7478","933","8307","7466","841","8230","7473","757","8168","7427","741","9.1","8075","7462","613","37909"
"55005","WI","Barron County, WI","6","6","6","6","25551","24139","1412","25035","23556","1479","25085","23646","1439","25143","22880","2263","23791","21586","2205","23758","21740","2018","23714","21840","1874","23677","21908","1769","7.5","23457","22033","1424","44086"
"55007","WI","Bayfield County, WI","8","7","8","6","8268","7738","530","8168","7629","539","8047","7508","539","8030","7297","733","7688","6836","852","7742","6913","829","7787","6955","832","7763","6918","845","10.9","7678","6946","732","45466"
"55009","WI","Brown County, WI","2","2","2","2","136965","130739","6226","139064","132673","6391","139296","132919","6377","141023","130169","10854","137150","126334","10816","137630","127706","9924","137672","128641","9031","138320","129714","8606","6.2","138840","131998","6842","51956"
"55011","WI","Buffalo County, WI","8","6","8","6","8522","8182","340","8234","7874","360","8137","7790","347","8315","7741","574","7197","6639","558","6953","6475","478","6635","6223","412","6564","6132","432","6.6","6538","6166","372","48418"
"55013","WI","Burnett County, WI","8","4","8","4","8468","7973","495","8110","7554","556","7902","7337","565","7984","7124","860","7578","6737","841","7580","6805","775","7532","6859","673","7493","6863","630","8.4","7511","6911","600","41388"
"55015","WI","Calumet County, WI","3","2","3","2","25350","24314","1036","25551","24336","1215","25647","24551","1096","25633","23682","1951","27304","25420","1884","27514","25889","1625","27298","25838","1460","27234","25794","1440","5.3","27452","26285","1167","66657"
"55017","WI","Chippewa County, WI","3","2","3","2","33610","31875","1735","33801","31980","1821","33343","31586","1757","33141","30346","2795","33182","30385","2797","33393","30801","2592","33271","31013","2258","33045","30806","2239","6.8","33126","31307","1819","49491"
"55019","WI","Clark County, WI","8","6","6","6","17805","16840","965","17798","16780","1018","17550","16573","977","17846","16165","1681","17258","15478","1780","17326","15868","1458","17097","15830","1267","17156","15947","1209","7","16984","16042","942","42477"
"55021","WI","Columbia County, WI","2","2","2","2","31622","30135","1487","31157","29585","1572","31061","29483","1578","31128","28547","2581","32090","29361","2729","31798","29284","2514","31321","29058","2263","31280","29240","2040","6.5","31594","29928","1666","57613"
"55023","WI","Crawford County, WI","7","9","7","9","9666","9191","475","9725","9198","527","9588","9016","572","9383","8461","922","8367","7489","878","8448","7675","773","8292","7599","693","8127","7471","656","8.1","8082","7513","569","41598"
"55025","WI","Dane County, WI","2","2","2","2","288708","279286","9422","292809","282673","10136","295779","285626","10153","298925","281647","17278","293223","275818","17405","295377","279663","15714","297489","282947","14542","301738","287538","14200","4.7","305878","294394","11484","60326"
"55027","WI","Dodge County, WI","4","3","4","3","47161","44807","2354","46916","44532","2384","47213","44818","2395","47272","42726","4546","47350","43073","4277","47654","43917","3737","47757","44328","3429","47483","44199","3284","6.9","47254","44608","2646","51623"
"55029","WI","Door County, WI","6","6","6","6","16660","15760","900","17012","16091","921","17161","16232","929","17386","15848","1538","15758","13985","1773","15590","13743","1847","15729","14146","1583","15747","14212","1535","9.7","15556","14283","1273","51761"
"55031","WI","Douglas County, WI","2","2","2","2","23067","21906","1161","23176","22016","1160","23378","22148","1230","23504","21578","1926","23737","21759","1978","23624","21843","1781","23438","21827","1611","23620","22048","1572","6.7","23672","22311","1361","43417"
"55033","WI","Dunn County, WI","6","5","6","3","23885","22792","1093","25963","24795","1168","25550","24415","1135","25785","23925","1860","23243","21409","1834","23373","21665","1708","23423","21891","1532","23588","22085","1503","6.4","23614","22360","1254","50425"
"55035","WI","Eau Claire County, WI","3","2","3","2","55494","53286","2208","57275","54873","2402","56997","54637","2360","56821","52959","3862","57107","53137","3970","57736","54040","3696","58258","54881","3377","58032","54738","3294","5.7","58324","55653","2671","49345"
"55037","WI","Florence County, WI","9","8","9","8","2584","2412","172","2500","2351","149","2458","2312","146","2410","2160","250","2247","2014","233","2210","1991","219","2206","2027","179","2195","2018","177","8.1","2226","2060","166","44139"
"55039","WI","Fond du Lac County, WI","3","2","3","2","56461","53797","2664","56882","54193","2689","56928","54198","2730","56234","51171","5063","56516","51715","4801","56228","52111","4117","56135","52479","3656","57186","53651","3535","6.2","57371","54480","2891","54649"
"55041","WI","Forest County, WI","9","10","9","12","5010","4678","332","5027","4668","359","4883","4542","341","4973","4464","509","4253","3755","498","4185","3702","483","4135","3687","448","4078","3640","438","10.7","4009","3658","351","40153"
"55043","WI","Grant County, WI","6","5","6","5","27172","25956","1216","28222","26865","1357","28114","26756","1358","28735","26582","2153","27777","25662","2115","27916","26030","1886","27693","26043","1650","27705","26067","1638","5.9","27616","26290","1326","45854"
"55045","WI","Green County, WI","6","5","2","2","20274","19383","891","20355","19398","957","20357","19400","957","20333","18528","1805","21274","19572","1702","21137","19676","1461","20843","19532","1311","20904","19702","1202","5.8","21112","20148","964","55732"
"55047","WI","Green Lake County, WI","6","6","6","6","10444","9866","578","10498","9927","571","10400","9819","581","10242","9258","984","10308","9347","961","10389","9536","853","10317","9540","777","10231","9413","818","8","10150","9486","664","44184"
"55049","WI","Iowa County, WI","2","2","2","2","14358","13735","623","14048","13412","636","14069","13410","659","14014","12933","1081","13772","12636","1136","13758","12744","1014","13548","12646","902","13573","12690","883","6.5","13675","12966","709","53186"
"55051","WI","Iron County, WI","9","12","9","12","3185","2924","261","3065","2819","246","3024","2784","240","2989","2627","362","2881","2554","327","2755","2460","295","2783","2493","290","2735","2440","295","10.8","2726","2463","263","37412"
"55053","WI","Jackson County, WI","6","6","6","6","9985","9434","551","9863","9306","557","9792","9233","559","9981","9094","887","10123","9238","885","10228","9409","819","10319","9562","757","10177","9448","729","7.2","10116","9499","617","46442"
"55055","WI","Jefferson County, WI","4","3","4","3","42827","40875","1952","42244","40188","2056","42410","40339","2071","42686","38770","3916","46472","42414","4058","46480","42924","3556","46251","43134","3117","46036","43108","2928","6.4","45981","43596","2385","52399"
"55057","WI","Juneau County, WI","7","9","7","9","13475","12698","777","13299","12496","803","13363","12564","799","13554","12199","1355","13697","12330","1367","13721","12452","1269","13596","12444","1152","13519","12406","1113","8.2","13373","12478","895","45167"
"55059","WI","Kenosha County, WI","1","1","1","1","82761","78297","4464","84396","80060","4336","85415","80752","4663","86164","77164","9000","85875","77051","8824","86459","78629","7830","87123","80000","7123","87401","80742","6659","7.6","87594","82225","5369","51929"
"55061","WI","Kewaunee County, WI","2","2","2","2","11837","11310","527","11720","11177","543","11548","11034","514","11572","10666","906","11178","10262","916","11186","10352","834","11020","10297","723","10957","10255","702","6.4","10983","10423","560","52954"
"55063","WI","La Crosse County, WI","3","2","3","2","63667","61260","2407","64425","61901","2524","65352","62779","2573","66001","61611","4390","65593","61237","4356","65575","61647","3928","66429","62805","3624","66901","63338","3563","5.3","66659","63726","2933","51324"
"55065","WI","Lafayette County, WI","8","7","8","7","9163","8787","376","9314","8928","386","9098","8714","384","9277","8607","670","9489","8810","679","9481","8876","605","9400","8873","527","9365","8859","506","5.4","9368","8962","406","46422"
"55067","WI","Langlade County, WI","6","6","6","6","10857","10204","653","10689","10031","658","10675","10024","651","10985","9872","1113","10181","9062","1119","10063","9046","1017","9963","9047","916","9817","8937","880","9","9722","8989","733","42025"
"55069","WI","Lincoln County, WI","6","5","6","5","15900","15018","882","15570","14690","880","15544","14654","890","15584","13835","1749","15661","13888","1773","15337","13825","1512","15121","13731","1390","15223","13940","1283","8.4","15075","14097","978","47721"
"55071","WI","Manitowoc County, WI","4","5","4","5","45407","43161","2246","44712","42275","2437","45202","42948","2254","46299","41696","4603","44630","40202","4428","44517","40758","3759","43701","40300","3401","42786","39614","3172","7.4","42493","39851","2642","47835"
"55073","WI","Marathon County, WI","3","2","3","2","75171","71944","3227","75971","72651","3320","75392","71953","3439","74952","68390","6562","73520","66691","6829","72715","66992","5723","71655","66402","5253","72268","67405","4863","6.7","73096","69334","3762","51830"
"55075","WI","Marinette County, WI","6","5","6","5","22012","20592","1420","22337","20942","1395","22071","20720","1351","22450","19854","2596","21380","19013","2367","21534","19443","2091","21449","19659","1790","21490","19784","1706","7.9","21371","19906","1465","41446"
"55077","WI","Marquette County, WI","8","7","8","7","7833","7364","469","7925","7441","484","7823","7325","498","7786","6985","801","7691","6855","836","7608","6852","756","7576","6911","665","7520","6887","633","8.4","7513","6975","538","47760"
"55078","WI","Menominee County, WI","8","7","8","5","1669","1483","186","1650","1478","172","1643","1468","175","1640","1412","228","1550","1279","271","1604","1328","276","1590","1330","260","1576","1326","250","15.9","1540","1338","202","32769"
"55079","WI","Milwaukee County, WI","1","1","1","1","454893","429034","25859","469736","442497","27239","469227","442645","26582","467652","423498","44154","476448","428833","47615","477744","433336","44408","476448","435440","41008","479833","439536","40297","8.4","480920","447273","33647","42058"
"55081","WI","Monroe County, WI","6","6","6","6","23910","22884","1026","24073","22963","1110","24462","23321","1141","24781","22890","1891","23123","21282","1841","23183","21482","1701","22773","21127","1646","22798","21232","1566","6.9","22584","21349","1235","51411"
"55083","WI","Oconto County, WI","2","2","2","2","20538","19286","1252","20353","19086","1267","20288","19005","1283","20576","18253","2323","21331","19041","2290","21112","19095","2017","20636","18928","1708","20483","18911","1572","7.7","20504","19223","1281","52800"
"55085","WI","Oneida County, WI","7","9","7","9","20069","18897","1172","19432","18232","1200","19201","18022","1179","18972","17130","1842","19065","17122","1943","18903","17119","1784","19144","17474","1670","18636","17030","1606","8.6","18418","17117","1301","46773"
"55087","WI","Outagamie County, WI","3","2","3","2","95965","91517","4448","97153","92643","4510","97875","93307","4568","99345","91091","8254","100595","92453","8142","100403","93297","7106","100356","93889","6467","100695","94522","6173","6.1","101302","96371","4931","57124"
"55089","WI","Ozaukee County, WI","1","1","1","1","48514","46768","1746","47848","46016","1832","47927","46077","1850","47578","44022","3556","47416","44057","3359","47463","44551","2912","47390","44777","2613","47624","45117","2507","5.3","47942","45870","2072","74392"
"55091","WI","Pepin County, WI","8","7","8","4","4087","3893","194","4121","3912","209","4097","3902","195","4134","3830","304","4095","3790","305","4100","3840","260","4075","3844","231","4038","3809","229","5.7","4042","3845","197","50728"
"55093","WI","Pierce County, WI","1","1","1","1","23684","22678","1006","23806","22767","1039","24033","22981","1052","23490","21706","1784","23984","22317","1667","24005","22552","1453","23900","22577","1323","24046","22772","1274","5.3","24371","23276","1095","60824"
"55095","WI","Polk County, WI","6","4","6","4","24182","22786","1396","24222","22715","1507","24061","22636","1425","24271","21775","2496","24046","21653","2393","24150","22073","2077","24005","22071","1934","24360","22617","1743","7.2","24296","22858","1438","49138"
"55097","WI","Portage County, WI","4","5","4","5","40883","39040","1843","41954","40073","1881","42215","40302","1913","43149","40072","3077","39855","36669","3186","39021","36078","2943","38912","36073","2839","39011","36322","2689","6.9","38892","36681","2211","51587"
"55099","WI","Price County, WI","9","11","9","12","8671","8191","480","8232","7811","421","8353","7931","422","8341","7433","908","7563","6736","827","7228","6582","646","7046","6519","527","6861","6394","467","6.8","6795","6427","368","43004"
"55101","WI","Racine County, WI","3","2","3","2","99399","93764","5635","100263","94374","5889","99874","94079","5795","99391","89224","10167","100313","90120","10193","100552","91443","9109","100458","92037","8421","99955","91593","8362","8.4","100103","93343","6760","54403"
"55103","WI","Richland County, WI","6","6","6","6","9942","9477","465","9940","9420","520","10234","9750","484","10153","9257","896","9631","8764","867","9672","8956","716","9708","9102","606","9367","8796","571","6.1","9325","8845","480","43635"
"55105","WI","Rock County, WI","3","2","3","2","84165","79907","4258","84388","79647","4741","83528","78299","5229","82403","72056","10347","82698","73383","9315","81202","73459","7743","81439","74655","6784","82364","75967","6397","7.8","83165","77988","5177","49157"
"55107","WI","Rusk County, WI","6","6","6","6","7888","7363","525","7306","6772","534","7248","6739","509","7380","6426","954","7141","6264","877","6889","6128","761","6783","6169","614","6751","6171","580","8.6","6675","6203","472","37350"
"55109","WI","St. Croix County, WI","1","1","1","1","46753","44441","2312","47330","45004","2326","47543","45411","2132","47322","43525","3797","47067","43467","3600","47518","44479","3039","47486","44759","2727","47908","45320","2588","5.4","48527","46335","2192","69641"
"55111","WI","Sauk County, WI","4","5","4","5","34783","33211","1572","35050","33395","1655","35292","33557","1735","35710","32755","2955","35852","32831","3021","36020","33275","2745","35646","33180","2466","35461","33231","2230","6.3","35321","33535","1786","50923"
"55113","WI","Sawyer County, WI","9","12","7","12","9344","8742","602","9571","8921","650","9138","8497","641","9087","8179","908","8393","7446","947","8180","7276","904","8265","7387","878","8191","7307","884","10.8","8061","7340","721","40608"
"55115","WI","Shawano County, WI","6","6","6","5","22485","21340","1145","22167","21001","1166","22167","21010","1157","22679","20573","2106","21884","19645","2239","21776","19793","1983","21608","19895","1713","21497","19899","1598","7.4","21346","20056","1290","45953"
"55117","WI","Sheboygan County, WI","3","2","3","2","65296","62707","2589","66076","63287","2789","65688","62733","2955","64930","58975","5955","62238","56456","5782","61050","56070","4980","60311","56179","4132","60877","57161","3716","6.1","61603","58759","2844","52106"
"55119","WI","Taylor County, WI","6","6","6","6","10954","10404","550","10471","9871","600","10450","9762","688","10744","9508","1236","11449","10273","1176","11303","10341","962","11089","10283","806","11022","10302","720","6.5","10949","10358","591","45985"
"55121","WI","Trempealeau County, WI","8","7","6","6","16183","15484","699","16308","15577","731","16183","15441","742","16315","15081","1234","15984","14777","1207","16195","15126","1069","16363","15434","929","16446","15525","921","5.6","16387","15615","772","50953"
"55123","WI","Vernon County, WI","6","6","6","6","14399","13703","696","14217","13477","740","14662","13943","719","15250","14060","1190","15161","13965","1196","15182","14123","1059","15044","14084","960","15165","14257","908","6","15083","14337","746","47063"
"55125","WI","Vilas County, WI","9","12","9","12","11765","11050","715","11588","10847","741","11250","10526","724","10993","9905","1088","10345","9176","1169","10154","9049","1105","10092","9088","1004","10198","9166","1032","10.1","10062","9195","867","40454"
"55127","WI","Walworth County, WI","4","3","4","3","56073","53651","2422","56079","53487","2592","56534","53842","2692","56186","51099","5087","56360","51276","5084","56280","51777","4503","56048","51977","4071","56906","53000","3906","6.9","56765","53547","3218","52610"
"55129","WI","Washburn County, WI","6","6","7","11","8093","7560","533","7902","7361","541","7842","7319","523","7953","7176","777","8042","7261","781","7987","7275","712","8091","7450","641","8017","7417","600","7.5","7966","7453","513","43588"
"55131","WI","Washington County, WI","1","1","1","1","73930","70867","3063","73845","70663","3182","74474","71229","3245","74836","68338","6498","75603","69490","6113","75316","70139","5177","75091","70467","4624","75418","71085","4333","5.7","75840","72324","3516","67276"
"55133","WI","Waukesha County, WI","1","1","1","1","216291","208079","8212","214220","205558","8662","214460","205879","8581","213079","197001","16078","218009","201996","16013","217852","203745","14107","217724","205080","12644","219496","207319","12177","5.5","220918","210923","9995","75652"
"55135","WI","Waupaca County, WI","6","6","6","6","28487","27060","1427","28194","26694","1500","28040","26539","1501","28381","25665","2716","27744","25123","2621","27702","25404","2298","27388","25312","2076","27399","25401","1998","7.3","27225","25639","1586","48056"
"55137","WI","Waushara County, WI","8","6","6","6","12842","12117","725","12718","11975","743","12710","11961","749","12851","11578","1273","12026","10731","1295","11914","10754","1160","12001","10969","1032","11836","10833","1003","8.5","11745","10904","841","43175"
"55139","WI","Winnebago County, WI","3","2","3","2","92363","88220","4143","93681","89412","4269","94371","90227","4144","95244","87924","7320","92449","85225","7224","92418","85902","6516","92457","86352","6105","91839","85964","5875","6.4","91977","87097","4880","50469"
"55141","WI","Wood County, WI","4","5","4","5","40100","37957","2143","41927","39705","2222","42050","39765","2285","41876","38201","3675","39965","36255","3710","39988","36679","3309","39713","36724","2989","39077","36234","2843","7.3","38800","36444","2356","48723"
"56000","WY","Wyoming",,,,,"281247","272336","8911","286560","278486","8074","293279","284310","8969","300120","281150","18970","303297","283744","19553","306886","289099","17787","307542","291177","16365","306767","292260","14507","4.7","306928","293689","13239","58424"
"56001","WY","Albany County, WY","4","5","4","5","18612","18125","487","18535","18087","448","18913","18435","478","19705","18882","823","21381","20425","956","21834","20921","913","20751","19862","889","20701","19925","776","3.7","20558","19825","733","42443"
"56003","WY","Big Horn County, WY","9","12","9","12","5291","5071","220","4865","4668","197","4930","4732","198","5066","4625","441","5631","5255","376","5747","5393","354","5644","5324","320","5585","5295","290","5.2","5646","5383","263","49052"
"56005","WY","Campbell County, WY","5","8","5","8","24864","24332","532","25965","25440","525","27357","26822","535","28805","27265","1540","26296","24709","1587","25872","24612","1260","26137","24928","1209","25710","24618","1092","4.2","26328","25412","916","81652"
"56007","WY","Carbon County, WY","7","9","7","9","7813","7552","261","8234","7996","238","8266","7998","268","7950","7376","574","8254","7698","556","8162","7672","490","8224","7796","428","8384","8020","364","4.3","8426","8076","350","54210"
"56009","WY","Converse County, WY","6","6","6","6","6807","6574","233","6892","6696","196","7344","7142","202","7634","7197","437","7568","7155","413","7659","7291","368","7982","7640","342","8111","7814","297","3.7","8348","8083","265","62438"
"56011","WY","Crook County, WY","9","10","9","10","3354","3260","94","3396","3303","93","3480","3379","101","3596","3391","205","3910","3715","195","3885","3697","188","3816","3631","185","3693","3529","164","4.4","3714","3564","150","59490"
"56013","WY","Fremont County, WY","7","8","7","8","17585","16826","759","17893","17221","672","18397","17642","755","19255","17768","1487","20971","19514","1457","21216","19850","1366","21304","20006","1298","21059","19856","1203","5.7","20620","19550","1070","51920"
"56015","WY","Goshen County, WY","7","9","7","9","5856","5630","226","5861","5671","190","6084","5869","215","6315","5975","340","7500","7132","368","7642","7277","365","7516","7166","350","7336","7028","308","4.2","7224","6954","270","43311"
"56017","WY","Hot Springs County, WY","7","9","7","9","2310","2226","84","2350","2272","78","2413","2334","79","2537","2387","150","2569","2435","134","2600","2469","131","2580","2458","122","2558","2437","121","4.7","2492","2384","108","42694"
"56019","WY","Johnson County, WY","7","9","7","9","3815","3696","119","3888","3759","129","4052","3919","133","4100","3792","308","4535","4226","309","4517","4234","283","4476","4238","238","4479","4252","227","5.1","4482","4272","210","51521"
"56021","WY","Laramie County, WY","3","2","3","2","41432","39830","1602","41835","40350","1485","42525","40864","1661","43841","41003","2838","46182","43092","3090","47207","44261","2946","47768","45005","2763","48616","46279","2337","4.8","48899","46706","2193","59712"
"56023","WY","Lincoln County, WY","7","9","7","9","8143","7860","283","8892","8668","224","8377","8081","296","8416","7757","659","8675","7947","728","8744","8056","688","8290","7691","599","8177","7700","477","5.8","8210","7769","441","67256"
"56025","WY","Natrona County, WY","3","2","3","2","39770","38585","1185","39943","38905","1038","40688","39546","1142","41258","38548","2710","39894","37110","2784","41130","38639","2491","42415","40276","2139","43124","41168","1956","4.5","43305","41486","1819","57701"
"56027","WY","Niobrara County, WY","9","12","9","12","1129","1092","37","1190","1154","36","1235","1193","42","1299","1234","65","1387","1323","64","1394","1337","57","1382","1329","53","1381","1332","49","3.5","1368","1320","48","43994"
"56029","WY","Park County, WY","7","11","7","11","14123","13618","505","14091","13648","443","14437","13927","510","14910","13989","921","15849","14876","973","16099","15169","930","16275","15373","902","15872","15063","809","5.1","15795","15056","739","50967"
"56031","WY","Platte County, WY","7","11","7","11","3963","3788","175","3913","3757","156","3945","3785","160","4138","3888","250","4965","4690","275","4964","4716","248","4791","4557","234","4806","4595","211","4.4","4782","4589","193","48621"
"56033","WY","Sheridan County, WY","7","8","7","8","15353","14868","485","15654","15211","443","16061","15566","495","16508","15388","1120","16132","14951","1181","16064","14955","1109","15915","14929","986","15799","14930","869","5.5","15960","15194","766","51628"
"56035","WY","Sublette County, WY","9","10","9","10","5640","5538","102","6608","6512","96","7015","6901","114","7295","6972","323","5691","5358","333","5902","5634","268","5575","5304","271","5083","4844","239","4.7","4874","4656","218","74951"
"56037","WY","Sweetwater County, WY","5","8","5","8","23299","22719","580","23712","23184","528","24273","23697","576","24323","22765","1558","23134","21608","1526","23890","22639","1251","24154","23005","1149","23894","22848","1046","4.4","23353","22381","972","72899"
"56039","WY","Teton County, WY","7","8","7","8","13931","13577","354","14375","14058","317","14459","14036","423","13882","12917","965","13611","12569","1042","13636","12617","1019","13816","12891","925","14114","13324","790","5.6","14387","13697","690","70201"
"56041","WY","Uinta County, WY","7","8","7","8","10950","10620","330","11113","10818","295","11512","11179","333","11570","10789","781","10557","9815","742","10166","9540","626","10267","9697","570","9963","9439","524","5.3","9891","9393","498","60953"
"56043","WY","Washakie County, WY","7","11","7","11","4156","4005","151","4194","4048","146","4291","4139","152","4404","4137","267","4589","4318","271","4592","4335","257","4490","4257","233","4365","4148","217","5","4300","4106","194","50740"
"56045","WY","Weston County, WY","7","9","7","9","3054","2947","107","3159","3059","100","3225","3122","103","3313","3107","206","4016","3822","194","3966","3786","180","3975","3814","161","3958","3816","142","3.6","3970","3834","136","59314"
"72000","PR","Puerto Rico",,,,,"1419874","1270693","149181","1387359","1232266","155093","1345923","1187398","158525","1301263","1101862","199401","1268976","1061313","207663","1222543","1027497","195046","1200763","1027014","173749","1170784","1003464","167320","14.3","1144981","986220","158761",""
"72001","PR","Adjuntas Municipio, PR","6","5","6","5","5651","4880","771","5206","4474","732","5175","4453","722","5084","4115","969","5273","4257","1016","5153","4077","1076","5109","4028","1081","4905","3794","1111","22.7","4543","3556","987",""
"72003","PR","Aguada Municipio, PR","2","2","2","2","16423","14431","1992","16278","14205","2073","15932","13859","2073","15358","12854","2504","13478","10851","2627","13126","10521","2605","12746","10411","2335","12369","10087","2282","18.4","12104","10030","2074",""
"72005","PR","Aguadilla Municipio, PR","2","2","2","2","22975","20101","2874","22557","19657","2900","21786","19098","2688","20962","17601","3361","17387","13830","3557","16686","13372","3314","16194","13173","3021","15400","12714","2686","17.4","15115","12644","2471",""
"72007","PR","Aguas Buenas Municipio, PR","1","1","1","1","9925","8787","1138","9766","8556","1210","9495","8233","1262","9298","7691","1607","7963","6196","1767","7574","5993","1581","7381","6009","1372","7128","5933","1195","16.8","6970","5829","1141",""
"72009","PR","Aibonito Municipio, PR","1","1","1","1","8284","7235","1049","8076","6973","1103","7792","6657","1135","7551","6169","1382","7593","6125","1468","7385","5917","1468","7309","5929","1380","7063","5868","1195","16.9","6928","5722","1206",""
"72011","PR","Anasco Municipio, PR","2","2","2","2","11280","9885","1395","11148","9711","1437","10784","9441","1343","10502","8722","1780","9992","8059","1933","9621","7839","1782","9397","7803","1594","9286","7583","1703","18.3","9030","7554","1476",""
"72013","PR","Arecibo Municipio, PR","1","1","3","2","34977","30897","4080","33965","29866","4099","32503","28565","3938","31328","26468","4860","27971","22954","5017","26699","21969","4730","25738","21677","4061","25405","21465","3940","15.5","24836","21025","3811",""
"72015","PR","Arroyo Municipio, PR","3","2","3","2","5926","4960","966","5803","4895","908","5751","4783","968","5738","4482","1256","6178","4755","1423","5946","4560","1386","5732","4433","1299","5661","4228","1433","25.3","5341","4102","1239",""
"72017","PR","Barceloneta Municipio, PR","1","1","1","1","7691","6588","1103","7469","6354","1115","7196","6085","1111","7049","5629","1420","6618","4993","1625","6337","4906","1431","6201","4999","1202","6321","4965","1356","21.5","6116","4890","1226",""
"72019","PR","Barranquitas Municipio, PR","1","1","1","1","8077","7116","961","7900","6888","1012","7695","6615","1080","7518","6167","1351","8202","6759","1443","8015","6636","1379","7976","6699","1277","7795","6598","1197","15.4","7603","6412","1191",""
"72021","PR","Bayamon Municipio, PR","1","1","1","1","86474","79620","6854","84040","76436","7604","80678","72705","7973","76835","67044","9791","76571","66647","9924","73764","64426","9338","72183","64201","7982","69682","62631","7051","10.1","68727","61669","7058",""
"72023","PR","Cabo Rojo Municipio, PR","3","2","3","2","21550","19530","2020","21096","19106","1990","20871","18849","2022","20261","17611","2650","15472","12907","2565","14961","12482","2479","14668","12413","2255","14935","11938","2997","20.1","14491","12019","2472",""
"72025","PR","Caguas Municipio, PR","1","1","1","1","56670","50864","5806","55241","49106","6135","53130","46961","6169","51080","43492","7588","54739","46212","8527","52974","45009","7965","52457","45379","7078","50706","44688","6018","11.9","49036","43270","5766",""
"72027","PR","Camuy Municipio, PR","1","1","3","2","13495","12033","1462","13171","11770","1401","12795","11378","1417","12422","10649","1773","10909","9117","1792","10395","8744","1651","10092","8659","1433","10064","8561","1503","14.9","9814","8371","1443",""
"72029","PR","Canovanas Municipio, PR","1","1","1","1","15089","13210","1879","14838","12856","1982","14582","12391","2191","14406","11574","2832","17658","14501","3157","17007","14210","2797","16746","14416","2330","16429","14280","2149","13.1","16168","14048","2120",""
"72031","PR","Carolina Municipio, PR","1","1","1","1","80945","74493","6452","78610","71822","6788","75533","68530","7003","72244","63347","8897","71180","61906","9274","68123","59862","8261","66818","59761","7057","64566","58437","6129","9.5","63839","57549","6290",""
"72033","PR","Catano Municipio, PR","1","1","1","1","8379","7496","883","8080","7093","987","7635","6656","979","7341","6051","1290","9259","7851","1408","8926","7573","1353","8722","7545","1177","8474","7371","1103","13","8271","7261","1010",""
"72035","PR","Cayey Municipio, PR","1","1","1","1","16545","14514","2031","16067","13989","2078","15526","13310","2216","14864","12307","2557","18147","15265","2882","17624","14826","2798","17492","14891","2601","16933","14639","2294","13.5","16479","14402","2077",""
"72037","PR","Ceiba Municipio, PR","3","2","1","1","6148","5449","699","6105","5275","830","5786","4955","831","5478","4495","983","4666","3696","970","4492","3560","932","4366","3535","831","4202","3444","758","18","4074","3388","686",""
"72039","PR","Ciales Municipio, PR","1","1","1","1","5455","4610","845","5296","4441","855","5241","4259","982","5260","3970","1290","4803","3511","1292","4488","3397","1091","4308","3377","931","4484","3337","1147","25.6","4248","3273","975",""
"72041","PR","Cidra Municipio, PR","1","1","1","1","16276","14396","1880","16104","14069","2035","15595","13606","1989","15236","12774","2462","17446","14701","2745","16955","14313","2642","16888","14433","2455","16286","14218","2068","12.7","15874","13979","1895",""
"72043","PR","Coamo Municipio, PR","4","5","4","3","11694","10018","1676","11623","10067","1556","11803","9921","1882","11480","9060","2420","12205","9536","2669","12229","9517","2712","11925","9441","2484","11477","9172","2305","20.1","11038","8711","2327",""
"72045","PR","Comerio Municipio, PR","1","1","1","1","5034","4334","700","4861","4155","706","4747","3951","796","4622","3644","978","5893","4590","1303","5639","4448","1191","5624","4487","1137","5526","4430","1096","19.8","5358","4359","999",""
"72047","PR","Corozal Municipio, PR","1","1","1","1","10974","9765","1209","10861","9466","1395","10485","9077","1408","10111","8448","1663","10222","8460","1762","10102","8320","1782","9938","8362","1576","9845","8384","1461","14.8","9671","8223","1448",""
"72049","PR","Culebra Municipio, PR","9","12","9","12","903","821","82","858","800","58","852","796","56","815","729","86","814","731","83","769","706","63","845","794","51","855","795","60","7","787","733","54",""
"72051","PR","Dorado Municipio, PR","1","1","1","1","13375","12138","1237","13110","11815","1295","12651","11371","1280","12229","10567","1662","13542","11918","1624","13105","11686","1419","13028","11835","1193","12896","11738","1158","9","12683","11541","1142",""
"72053","PR","Fajardo Municipio, PR","3","2","1","1","15741","13723","2018","15534","13459","2075","14743","12701","2042","14097","11627","2470","13648","10903","2745","13184","10507","2677","12741","10445","2296","12264","10164","2100","17.1","12123","10007","2116",""
"72054","PR","Florida Municipio, PR","1","1","1","1","4457","3783","674","4324","3745","579","4103","3681","422","4326","3503","823","3843","2992","851","3678","2915","763","3670","2964","706","3694","2923","771","20.9","3536","2869","667",""
"72055","PR","Guanica Municipio, PR","3","2","2","2","6625","5646","979","6567","5557","1010","6467","5513","954","6284","5115","1169","5177","3869","1308","4973","3714","1259","4831","3645","1186","4822","3550","1272","26.4","4565","3436","1129",""
"72057","PR","Guayama Municipio, PR","3","2","3","2","15250","13056","2194","14966","12918","2048","14906","12674","2232","14822","11910","2912","14967","11445","3522","14055","10877","3178","13395","10597","2798","12984","10164","2820","21.7","12372","9848","2524",""
"72059","PR","Guayanilla Municipio, PR","3","2","2","2","7142","6031","1111","6954","5939","1015","6957","5873","1084","6865","5435","1430","6341","4810","1531","5953","4610","1343","5862","4625","1237","5754","4502","1252","21.8","5588","4388","1200",""
"72061","PR","Guaynabo Municipio, PR","1","1","1","1","46508","43811","2697","45395","42362","3033","43695","40504","3191","41528","37529","3999","41156","37649","3507","39641","36432","3209","39084","36391","2693","38027","35600","2427","6.4","37477","35051","2426",""
"72063","PR","Gurabo Municipio, PR","1","1","1","1","16101","14527","1574","16033","14279","1754","15566","13888","1678","15418","13097","2321","17617","15141","2476","17291","15013","2278","17323","15364","1959","17229","15389","1840","10.7","16931","15136","1795",""
"72065","PR","Hatillo Municipio, PR","1","1","3","2","13469","11846","1623","13211","11581","1630","12822","11208","1614","12456","10482","1974","14152","11853","2299","13807","11493","2314","13648","11459","2189","13564","11407","2157","15.9","13241","11120","2121",""
"72067","PR","Hormigueros Municipio, PR","3","2","3","2","6908","6165","743","6830","6102","728","6766","5994","772","6520","5522","998","6269","5246","1023","5964","5033","931","5949","5066","883","5878","4883","995","16.9","5672","4844","828",""
"72069","PR","Humacao Municipio, PR","1","1","1","1","21890","18772","3118","21295","18130","3165","20545","17351","3194","19993","16098","3895","20192","15919","4273","19632","15428","4204","19250","15450","3800","18556","15160","3396","18.3","18113","14995","3118",""
"72071","PR","Isabela Municipio, PR","2","2","2","2","16721","14402","2319","16159","14174","1985","15761","13808","1953","15370","12772","2598","13416","10736","2680","12975","10440","2535","12666","10365","2301","12158","10056","2102","17.3","12662","10776","1886",""
"72073","PR","Jayuya Municipio, PR","6","3","6","5","4855","4073","782","4559","3896","663","4567","3910","657","4532","3605","927","5150","4154","996","4778","3864","914","4653","3881","772","4428","3628","800","18.1","4255","3511","744",""
"72075","PR","Juana Diaz Municipio, PR","2","2","2","2","18005","15943","2062","17587","15484","2103","17192","15045","2147","17062","14220","2842","17260","14161","3099","16847","13866","2981","16581","13882","2699","16175","13665","2510","15.5","15845","13262","2583",""
"72077","PR","Juncos Municipio, PR","1","1","1","1","13569","11974","1595","13513","11709","1804","13118","11324","1794","12881","10598","2283","13376","10867","2509","13060","10656","2404","12919","10810","2109","12713","10740","1973","15.5","12456","10536","1920",""
"72079","PR","Lajas Municipio, PR","3","2","3","2","9288","8166","1122","9140","7934","1206","8983","7752","1231","8767","7196","1571","6624","5122","1502","6294","4831","1463","6206","4784","1422","6275","4572","1703","27.1","6001","4587","1414",""
"72081","PR","Lares Municipio, PR","2","2","2","2","12159","10764","1395","12030","10617","1413","11955","10360","1595","11629","9616","2013","8235","6629","1606","8069","6426","1643","8029","6514","1515","8310","6308","2002","24.1","7847","6063","1784",""
"72083","PR","Las Marias Municipio, PR","6","7","6","7","3761","3289","472","4271","3801","470","4360","3886","474","4197","3511","686","3722","3049","673","3971","3311","660","3771","3168","603","3153","2404","749","23.8","2907","2168","739",""
"72085","PR","Las Piedras Municipio, PR","1","1","1","1","13393","11644","1749","13190","11410","1780","12874","11071","1803","12622","10418","2204","12276","9887","2389","12019","9710","2309","12245","9966","2279","11824","9756","2068","17.5","11420","9572","1848",""
"72087","PR","Loiza Municipio, PR","1","1","1","1","9177","8002","1175","8950","7730","1220","8755","7399","1356","8585","6872","1713","10213","8495","1718","9649","8192","1457","9384","8175","1209","9117","7977","1140","12.5","9040","7847","1193",""
"72089","PR","Luquillo Municipio, PR","3","2","1","1","7380","6331","1049","7313","6199","1114","6931","5850","1081","6723","5371","1352","7244","5755","1489","7076","5603","1473","6998","5622","1376","6803","5522","1281","18.8","6699","5416","1283",""
"72091","PR","Manati Municipio, PR","1","1","1","1","15368","13362","2006","15068","12983","2085","14595","12514","2081","14323","11699","2624","13528","10983","2545","12851","10610","2241","12547","10667","1880","12102","10447","1655","13.7","11947","10311","1636",""
"72093","PR","Maricao Municipio, PR","6","7","6","7","2026","1780","246","1841","1579","262","1934","1672","262","1884","1526","358","2416","1990","426","2261","1854","407","2255","1854","401","2195","1745","450","20.5","2015","1600","415",""
"72095","PR","Maunabo Municipio, PR","1","1","1","1","3759","3131","628","3748","3019","729","3567","2880","687","3655","2659","996","3545","2669","876","3448","2580","868","3352","2585","767","3227","2530","697","21.6","3161","2484","677",""
"72097","PR","Mayaguez Municipio, PR","3","2","3","2","31545","27669","3876","30885","27000","3885","30077","26132","3945","28720","23805","4915","27787","22580","5207","26419","21530","4889","25742","21441","4301","25219","20416","4803","19","24466","20306","4160",""
"72099","PR","Moca Municipio, PR","2","2","2","2","15795","13874","1921","15551","13717","1834","15269","13440","1829","14897","12507","2390","12080","9627","2453","11725","9331","2394","11494","9286","2208","11191","8994","2197","19.6","10902","8915","1987",""
"72101","PR","Morovis Municipio, PR","1","1","1","1","9618","8264","1354","9435","8034","1401","9216","7754","1462","9104","7237","1867","9296","7176","2120","8871","7028","1843","8723","7130","1593","8726","7051","1675","19.2","8460","6896","1564",""
"72103","PR","Naguabo Municipio, PR","1","1","1","1","7802","6683","1119","7716","6473","1243","7473","6187","1286","7442","5746","1696","9136","7189","1947","8751","7074","1677","8655","7190","1465","8588","7197","1391","16.2","8333","7069","1264",""
"72105","PR","Naranjito Municipio, PR","1","1","1","1","8957","7985","972","8740","7714","1026","8453","7347","1106","8288","6820","1468","8248","6578","1670","7953","6432","1521","7818","6501","1317","7691","6425","1266","16.5","7527","6275","1252",""
"72107","PR","Orocovis Municipio, PR","1","1","1","1","5719","4839","880","5526","4700","826","5403","4493","910","5298","4181","1117","6143","4782","1361","5835","4637","1198","5816","4675","1141","5595","4560","1035","18.5","5476","4441","1035",""
"72109","PR","Patillas Municipio, PR","3","2","3","2","6228","5253","975","6211","5188","1023","6108","5068","1040","6124","4764","1360","6021","4438","1583","5698","4226","1472","5479","4104","1375","5148","3896","1252","24.3","4952","3772","1180",""
"72111","PR","Penuelas Municipio, PR","3","2","2","2","9094","7855","1239","9096","7776","1320","9144","7778","1366","9017","7267","1750","7489","5670","1819","7124","5511","1613","6855","5452","1403","6686","5314","1372","20.5","6564","5185","1379",""
"72113","PR","Ponce Municipio, PR","2","2","2","2","67401","60367","7034","65445","58109","7336","63324","55888","7436","61194","52308","8886","55505","45967","9538","53636","44602","9034","52280","43958","8322","50882","42780","8102","15.9","49396","41815","7581",""
"72115","PR","Quebradillas Municipio, PR","1","1","3","2","9001","8002","999","8861","7786","1075","8579","7505","1074","8345","7049","1296","6846","5505","1341","6562","5286","1276","6408","5227","1181","6388","5183","1205","18.9","6229","5090","1139",""
"72117","PR","Rincon Municipio, PR","2","2","2","2","5775","5080","695","5740","5023","717","5650","4922","728","5498","4582","916","4974","4054","920","4907","3941","966","4821","3919","902","4770","3795","975","20.4","4719","3778","941",""
"72119","PR","Rio Grande Municipio, PR","1","1","1","1","18631","16661","1970","18266","16192","2074","17888","15558","2330","17363","14537","2826","18829","15952","2877","18172","15536","2636","17942","15713","2229","17582","15507","2075","11.8","17303","15251","2052",""
"72121","PR","Sabana Grande Municipio, PR","3","2","3","2","9831","8606","1225","9677","8325","1352","9509","8134","1375","9190","7575","1615","7553","5929","1624","7258","5684","1574","7085","5612","1473","6744","5321","1423","21.1","6586","5364","1222",""
"72123","PR","Salinas Municipio, PR","4","6","4","3","9597","8270","1327","8891","7570","1321","8935","7429","1506","8709","6763","1946","9207","6820","2387","9108","6740","2368","9068","6825","2243","8655","6421","2234","25.8","8400","6198","2202",""
"72125","PR","San German Municipio, PR","3","2","3","2","13628","11963","1665","13283","11550","1733","12979","11222","1757","12519","10363","2156","11998","9791","2207","11483","9346","2137","11240","9192","2048","10897","8735","2162","19.8","10688","8782","1906",""
"72127","PR","San Juan Municipio, PR","1","1","1","1","178108","165033","13075","172437","158470","13967","164801","150529","14272","155825","138542","17283","155066","139123","15943","148532","133665","14867","145600","132568","13032","140672","129036","11636","8.3","138510","127059","11451",""
"72129","PR","San Lorenzo Municipio, PR","1","1","1","1","14915","13249","1666","14740","12907","1833","14281","12454","1827","14052","11626","2426","13311","10985","2326","12971","10681","2290","12742","10734","2008","12666","10570","2096","16.5","12303","10387","1916",""
"72131","PR","San Sebastian Municipio, PR","2","2","2","2","16098","14086","2012","15861","13837","2024","15597","13539","2058","15181","12550","2631","11982","9344","2638","11694","9021","2673","11554","9043","2511","11546","8839","2707","23.4","11274","8715","2559",""
"72133","PR","Santa Isabel Municipio, PR","6","5","4","5","9197","7984","1213","8518","7307","1211","8860","7712","1148","9088","7358","1730","11000","8847","2153","10150","7997","2153","10673","8690","1983","10660","8771","1889","17.7","10285","8325","1960",""
"72135","PR","Toa Alta Municipio, PR","1","1","1","1","30279","28062","2217","30318","27813","2505","29998","27287","2711","29403","25977","3426","27218","23931","3287","26682","23567","3115","26657","23959","2698","26289","23835","2454","9.3","25878","23461","2417",""
"72137","PR","Toa Baja Municipio, PR","1","1","1","1","37089","34154","2935","36123","32909","3214","34808","31376","3432","33213","29032","4181","33880","29575","4305","32599","28573","4026","31931","28539","3392","31204","27914","3290","10.5","30587","27473","3114",""
"72139","PR","Trujillo Alto Municipio, PR","1","1","1","1","36170","33660","2510","35625","32943","2682","34728","31976","2752","33367","29991","3376","30216","27039","3177","29099","26211","2888","28691","26256","2435","27919","25736","2183","7.8","27522","25330","2192",""
"72141","PR","Utuado Municipio, PR","4","3","2","2","9741","8329","1412","9177","7817","1360","8951","7679","1272","8781","7132","1649","8198","6506","1692","7781","6219","1562","7684","6217","1467","7402","5964","1438","19.4","7193","5870","1323",""
"72143","PR","Vega Alta Municipio, PR","1","1","1","1","12952","11594","1358","12663","11235","1428","12350","10769","1581","11807","10009","1798","10787","8927","1860","10494","8739","1755","10300","8840","1460","10177","8741","1436","14.1","9969","8593","1376",""
"72145","PR","Vega Baja Municipio, PR","1","1","1","1","21654","19071","2583","21115","18445","2670","20372","17693","2679","19955","16433","3522","16195","12822","3373","15288","12422","2866","14809","12442","2367","14592","12191","2401","16.5","14308","12007","2301",""
"72147","PR","Vieques Municipio, PR","7","12","7","12","3300","2992","308","3317","2955","362","3214","2811","403","3124","2425","699","3391","2757","634","3173","2669","504","3045","2652","393","3081","2591","490","15.9","3192","2748","444",""
"72149","PR","Villalba Municipio, PR","2","2","2","2","9681","8417","1264","9479","8223","1256","9324","8036","1288","9518","7628","1890","8859","6910","1949","8511","6705","1806","8359","6630","1729","8212","6446","1766","21.5","7989","6257","1732",""
"72151","PR","Yabucoa Municipio, PR","1","1","1","1","11562","9647","1915","11425","9348","2077","10904","8931","1973","10816","8302","2514","11016","8222","2794","10653","7944","2709","10356","7951","2405","10198","7773","2425","23.8","9738","7631","2107",""
"72153","PR","Yauco Municipio, PR","3","2","2","2","16747","14658","2089","16635","14451","2184","16555","14394","2161","15826","13318","2508","12203","9619","2584","11847","9347","2500","11703","9305","2398","11464","9075","2389","20.8","11218","8844","2374",""
